-7.436645477116185510e-02	-5.355442863785073171e-03	3.041766474904683548e-02	5.208807451591292159e-02	-6.085500923987986754e-02	-2.057807965454891419e-02	-3.671038172271141875e-02	6.339831388471354676e-03	3.721659074371842096e-02	-2.708075226595860197e-02	-8.474403155248484351e-03	7.260719599690021453e-02	-1.642916596779215449e-02	1.351454715741621793e-01	-5.757855133155075078e-02	7.728582182086531083e-03	2.391260428812044814e-02	1.028207703873111334e-01	1.100489659052521219e-01	1.671043712842772838e-02	3.213635417256761884e-02	7.096240349625858312e-02	-2.662553908568041083e-02	1.615778064204807796e-01	3.932472767070537695e-02	1.132852752156744969e-01	2.123286541296609542e-02	3.677389996935156308e-02	-7.239595726641120943e-02	1.190222404990195493e-01	-1.398198121115776238e-02	6.790158176632082876e-02	-1.788915521716338136e-02	1.694624740473736624e-02	1.576246963292589343e-02	1.362668585845903391e-01	-8.211912968575992011e-03	3.971226010381691957e-02	-1.553203628099825151e-03	7.846089010588865043e-02	-1.861930820265952913e-02	5.581521668903406674e-02	9.625961920786395287e-02	-4.558145163855290005e-02	2.484659280048997221e-01	1.342729540669324317e-01	1.006649845132199378e-01	-1.109405780236301792e-01	-9.102417975882734491e-02	8.811066670765196895e-02	4.445483930766785940e-02	5.326317807914068142e-02	-1.040255234499571774e-01	-5.779325567375213218e-02	-1.013887392962257716e-01	1.472479821134714262e-01	3.975107059216852201e-03	2.510912292026692277e-02	1.142163785975221363e-01	1.094063678119936572e-01	8.881992534061548816e-02	1.380884949062251565e-01	2.873307347640846957e-02	8.224097556480429450e-02
-5.355442863785073171e-03	-1.206462897305259907e-01	-5.228627344396696852e-02	6.786564723603505378e-02	-9.695763265750426130e-02	-1.529002214208222132e-02	-3.861914216721037962e-02	-1.751399726988447925e-02	-7.378397191499762309e-02	-8.488441558852559410e-02	4.170312792481399577e-02	3.889926147912199650e-02	-1.352213450122767835e-01	-3.659569481084530562e-02	-5.452407863532187510e-02	-1.534330451246072174e-02	8.345209555535065132e-03	-6.413530313656187754e-02	1.532900024353263564e-02	5.752631411277294576e-03	2.171286895936469161e-02	-5.986451312898728727e-02	-1.063567398642520367e-01	-3.834306193813379754e-02	-7.818331927167955497e-02	-2.692403744400552468e-02	-8.156405032301075608e-02	-1.168373942572590168e-01	-4.428377092902247014e-02	-4.755991130507034037e-02	-2.552390293290479617e-02	-6.184007564566959547e-02	-7.694707066634559611e-02	6.760937733155949862e-03	-1.150644015902134998e-01	-4.254803482562233979e-02	-8.946461040446999219e-03	-5.178450569514245899e-02	1.584369884468080775e-03	-1.092977158736179732e-01	-4.458242986098833599e-02	-3.644812048927670300e-02	-3.990680668511702167e-02	1.866595724526833727e-02	5.710605152896473802e-03	-7.754182047625332586e-03	-3.795832907064471823e-02	-5.429018621535262878e-02	-3.791464147874410578e-02	-1.114550541369297709e-01	-8.483978625419272279e-02	-2.060131135913421604e-02	-3.236488702902396569e-02	-7.097276924252372832e-02	-4.402852657463128538e-02	-2.545195824123741568e-02	-6.793579659401097204e-02	-3.219310511133910424e-02	-5.974522264049730857e-02	-1.445507603878578573e-01	-3.859099499400982236e-02	-6.450693407180037309e-02	-5.929332875873646186e-02	-1.278683024494435549e-01
3.041766474904683548e-02	-5.228627344396696852e-02	-1.122997423030641373e-01	6.655823445793057624e-02	4.586582840634213787e-02	-1.669415296505602497e-02	5.516460448569101074e-03	-9.018558804823396946e-02	2.827615353121957706e-02	4.441485522582225287e-02	7.252198432066857270e-02	2.612609474093004897e-02	-8.025364329885434356e-02	3.334848375200608062e-02	1.529028595354228054e-02	-5.759427081873316756e-02	5.711674746269020803e-02	6.240150740074680569e-02	2.301489134992409924e-03	1.156864570166812878e-02	6.942749933165895393e-02	-4.551114647306223060e-02	-1.677904334573190881e-02	-2.037410137857155468e-02	-3.070019246264826807e-02	2.900359718283875010e-03	5.205257927604726303e-02	-6.022425769991499034e-02	3.800948604259814234e-02	1.268738799487227620e-02	-1.680078060879457158e-02	-2.089952371070841197e-02	6.778100695921628061e-02	4.772828034985637791e-02	2.134086452295168301e-02	-8.278323179440288948e-02	-8.146027403578673387e-02	4.631767950734182182e-02	-2.137404174234851240e-03	-3.623697383914409320e-03	-7.003983991181947366e-02	-7.604811796265016632e-02	7.322763259152616222e-02	9.244966956530425994e-02	7.023877483716306491e-02	-4.020213725214688560e-03	-1.146817377588903175e-02	3.158477540782565762e-02	-2.650335105751597253e-02	1.015598259719513452e-02	3.129945541753618304e-02	-1.313200121327669223e-02	-3.006600714285452558e-02	-3.000993645272836269e-02	-5.053420845629959246e-02	1.324613846131906733e-02	-4.110273579092992013e-02	-1.606344055865120690e-02	4.084351673288400680e-02	9.031208871635290625e-03	-4.500172492286985682e-03	2.716477946069620342e-03	-6.583615039852543094e-02	-2.258219385588783323e-02
5.208807451591292159e-02	6.786564723603505378e-02	6.655823445793057624e-02	-8.408446119104537320e-02	1.863662294193203783e-02	7.501573963510128895e-02	-1.852615961578989168e-02	1.530948271806848240e-02	1.046945384147424524e-01	2.514433998850316987e-02	5.066638435909731619e-02	1.295204838566086647e-01	2.882903352350522225e-02	2.384739745382284948e-01	-3.807431398333206707e-03	4.921364552711648965e-02	2.338693955249995793e-02	1.856688379897483976e-01	1.732814792294611328e-01	1.491488841169811286e-01	4.224881870537439132e-02	1.252491431516346565e-01	1.119115099926992762e-01	2.627009174317483930e-01	6.912093813345591975e-02	1.885461281752844886e-01	1.211280588632625554e-01	1.287578817032320466e-01	3.415075732442794665e-02	1.025263781309411759e-01	7.544770252739203820e-02	1.529018892486992132e-01	-2.630686735028976708e-02	3.933242894397358941e-02	4.352181218869412976e-02	1.749076062263958953e-01	1.217159387534662851e-01	8.968895898678615197e-02	4.420339774076199879e-02	1.447506160714887580e-01	3.147162661311233428e-03	4.237680729677441305e-02	1.088018876785605688e-01	4.261848577758427931e-02	2.934714520565265272e-01	2.698813976804282921e-01	1.761527299618599884e-01	-4.830897447032027336e-02	1.348876312121498333e-02	1.128848734071584703e-01	8.356116880076151776e-02	1.242989448430765614e-01	2.608397751754833876e-02	4.858746084234948082e-02	-1.356230358843847975e-02	1.939012983206816199e-01	1.367531536902246436e-01	6.552464038948059566e-02	2.169396489897987834e-01	1.663140532016428863e-01	1.322470794655564996e-01	2.375119074684435005e-01	7.775189451058538148e-02	2.077526026759971278e-01
-6.085500923987986754e-02	-9.695763265750426130e-02	4.586582840634213787e-02	1.863662294193203783e-02	-4.987573847137139610e-02	1.203185096530146048e-02	-4.775816880380424900e-02	-1.668114187620006739e-01	-1.577839277554936304e-01	-7.766042538937870110e-02	-7.827958447614369319e-02	-9.472618403225921413e-02	-1.073060584160244468e-01	-5.260708786279620630e-03	-9.030324888837371056e-02	3.389901759628115296e-02	-1.320501531245852345e-01	2.227013719672802511e-02	-4.687978652803562879e-02	-1.106343074403686733e-01	-5.786868525841887961e-03	-1.938585428519881693e-01	2.304683704759254159e-02	-1.072122910361262976e-01	-9.144171627895429644e-02	3.811883420498711483e-02	-1.583015777394734813e-02	-1.940383099116898824e-01	-9.891460889074424334e-02	-3.935076190549514907e-02	-1.099697213856896810e-01	-4.243504819811728251e-02	8.074312375565662059e-03	-6.102682315924568002e-02	-1.746291045790802215e-02	-1.774588332693582404e-01	-8.428375627399598002e-02	4.055270326275879633e-02	-2.809354943519734582e-03	-1.447644924086402274e-01	-1.688738031012793628e-01	-1.166481863280831310e-01	-9.525348274261647569e-03	-1.802494848191200649e-01	7.236604855516144685e-02	-2.415746203726217012e-02	5.760853152564986146e-02	-2.748777084483750022e-02	-7.792225354366717760e-02	-1.409265063717354827e-01	-2.555531389709275042e-02	-1.647949162692446123e-01	-1.630533950533165077e-01	-7.868882897726049708e-02	-1.574615931230057275e-01	3.078615859007659272e-02	-6.910813567440904359e-02	-4.356892008104469582e-03	-3.298211603296305472e-02	-3.541016403031226056e-02	-1.635227475472984249e-01	1.725387391727931444e-02	-1.633859250282108655e-01	-1.507020314510374992e-01
-2.057807965454891419e-02	-1.529002214208222132e-02	-1.669415296505602497e-02	7.501573963510128895e-02	1.203185096530146048e-02	-5.720905013501760561e-02	-3.489201040563744138e-03	6.307196011614758790e-03	2.074485982212050106e-02	-1.576947448619580444e-02	8.825943300743172015e-02	1.878274638896071935e-01	-5.727208336835347413e-02	1.083037845425530860e-02	-3.119982533057152202e-02	3.361144272220919355e-02	3.214307140835436644e-02	3.956436078079341584e-02	6.984318130627421850e-02	1.968974626039132064e-02	1.051587923309167394e-01	2.273134396025135867e-02	4.749349915427275581e-03	5.166596419725313222e-02	1.991159083792719275e-02	5.257432294457904665e-02	2.332214906706611690e-02	8.612285017331487713e-02	7.334250641325720799e-02	9.595039484222007975e-02	-1.036916071732874034e-02	4.133927051723423202e-02	4.680476697605777392e-02	2.950775859155563285e-02	2.827042620498407266e-02	-5.076485451390395920e-03	2.351948340944369498e-02	1.233068039170700236e-01	2.634884395270944979e-02	5.115157493466220007e-02	-6.882519959622995787e-04	6.967506618590135758e-03	1.238621789715178556e-01	5.885822037449340433e-02	1.211326102945411709e-01	3.550393849113586686e-02	7.787144907404791594e-02	-2.268830426122202260e-02	2.395732822553231500e-03	8.194856160634056419e-02	4.907746923357742680e-02	7.048985114162450993e-03	-4.949260221391495185e-02	-1.105802982238340837e-02	-6.865043400189274614e-02	6.899851966822265203e-02	3.727337903971651711e-02	-9.973102117217996776e-03	1.139241173685353881e-01	2.315467647796737999e-02	-2.691420093736004299e-02	1.048399911185529665e-01	-2.966573729268601883e-02	3.941213364183225598e-02
-3.671038172271141875e-02	-3.861914216721037962e-02	5.516460448569101074e-03	-1.852615961578989168e-02	-4.775816880380424900e-02	-3.489201040563744138e-03	-4.771073152821150853e-02	-1.726608167538531274e-02	-6.188550326754713865e-02	-2.570032949594332206e-02	6.358702520172417050e-02	7.176558118319645296e-02	-6.816684578869246225e-02	1.178173728284925559e-01	-3.446670756511848593e-02	-5.146557559606162319e-02	5.119447198104376540e-02	2.142893373572511001e-02	-7.822337957476475229e-03	8.182456472267951586e-03	3.317491663801089286e-03	-6.150946191619396930e-02	-2.030175704881613877e-02	-6.087702974369047643e-03	-1.018941506585347434e-01	6.353430822240617448e-02	1.106053274330966868e-02	-5.969355715561670828e-02	-2.791789197536003603e-02	3.644080017233686242e-02	-1.196482385465015841e-01	1.890268295651625560e-02	-6.106024298559230290e-02	5.920138951156521390e-02	-1.545141701143493834e-02	8.332821014664308634e-03	2.180592282140286428e-02	4.004390291725039991e-02	-3.561358734978700702e-02	-2.482854510269870071e-02	-3.141209105404317581e-02	5.952392772387751774e-03	2.889136580969862977e-02	-1.325689036841374256e-02	1.769729076754945063e-01	1.197180466704370061e-01	7.281829925437963147e-02	-1.097574749731110300e-01	-9.899150887254361264e-02	-1.016404872731507814e-02	-1.029237788787537577e-02	-9.929953476826354486e-03	-2.965640655513968049e-04	-1.272465497963261027e-01	-2.614278423325162512e-03	1.247442159348755714e-01	-8.125011434435876201e-02	-3.129389367128031230e-02	4.834469575069546415e-02	7.924311362162556049e-02	2.588647270213367130e-02	1.086175741893617708e-01	-9.300225550831136417e-03	-1.164745017617230954e-02
6.339831388471354676e-03	-1.751399726988447925e-02	-9.018558804823396946e-02	1.530948271806848240e-02	-1.668114187620006739e-01	6.307196011614758790e-03	-1.726608167538531274e-02	-7.562861831514948452e-02	-1.225768600506186995e-01	1.509916871950825121e-02	-3.605137506032571326e-02	4.353336709034602570e-02	2.477740493780078088e-02	9.220241697901324085e-02	-1.047348379199923019e-01	4.480552960682782082e-03	-6.132328898062730516e-02	-2.472651584987938661e-02	-1.041859175375551144e-01	-1.638980854252371569e-02	-9.519403326460222636e-02	-6.935312029049531257e-02	1.156852099858700703e-02	-9.872420564903841567e-02	-1.141462302410656549e-01	2.803262749468958884e-02	2.476935683949760963e-03	2.589266316666134771e-02	-2.526283037038855317e-02	2.394152388974515877e-02	-2.939124492671451802e-02	-3.053765522836347779e-02	-2.896838352703866998e-02	-3.985968758456120975e-02	-5.026985440833584007e-02	-7.283720339545984856e-02	-1.031138052528913010e-02	-8.928942091465892628e-03	-2.449655720858079713e-02	2.531599812885236556e-02	6.668979868281040002e-02	-6.427820779926873840e-02	1.926959707810744354e-02	1.613894516002045698e-02	2.921009202299308660e-02	7.712188196120906003e-04	2.930410293842456576e-02	-1.727433141234247793e-01	2.114083902371768908e-02	1.735332010144366444e-02	3.605700089183187795e-02	-8.107736924316598370e-02	1.720100740990279306e-02	1.026129374322139361e-02	5.343347193150405766e-02	1.325225151833533954e-02	-5.572315215717316833e-03	-6.626181594853924883e-02	-1.991790290164648439e-02	-2.178235162661715241e-02	-3.220292703920230037e-02	2.321791660836085985e-02	4.510324054117507281e-02	-6.605202362628316559e-02
3.721659074371842096e-02	-7.378397191499762309e-02	2.827615353121957706e-02	1.046945384147424524e-01	-1.577839277554936304e-01	2.074485982212050106e-02	-6.188550326754713865e-02	-1.225768600506186995e-01	4.270816954764148493e-02	-1.252619551916687723e-01	-1.128863755128584750e-01	-1.830662843136001902e-02	-1.198299324785731257e-01	-2.666309996086110856e-02	-2.612863438578295061e-01	-4.180311156256899530e-02	-1.391555480283940271e-03	4.562240358620885811e-02	3.791805953723834111e-02	-1.826766821254430240e-01	-6.718521193770773947e-02	-6.062734501177616253e-02	-6.160819730668101735e-02	-3.470305196334691478e-03	5.288501941229406533e-02	-2.911002089095537232e-02	-3.575086759077801546e-02	-7.468236972275046903e-02	-7.975626733935953228e-02	-2.244809814924640656e-02	-3.291369853030667869e-02	-1.136126047122679866e-01	9.807432502386113915e-02	-1.596424650385454003e-01	-1.009627964209381529e-03	-1.093086985267998357e-01	-1.490838631406722348e-01	1.488822458867237325e-02	-7.675188264469039179e-02	-4.350538384190397873e-02	-2.038243976650625233e-01	-1.342237125420903954e-01	2.415280825291202249e-02	-1.156737921799913249e-01	3.692350019762181967e-03	-7.892754108950789105e-02	-7.743369232040991923e-02	-3.609701161093045729e-02	-7.909151151705287597e-02	-1.905282446789764439e-01	-7.994086357621578431e-02	-2.077386320071172299e-01	-2.809401574127901036e-01	-5.031705003242433610e-02	-2.429960413209032444e-01	-3.370926589540416962e-02	-5.723042863446368977e-02	-8.322587973343181789e-02	-4.265648834082268193e-02	-6.582611303953458948e-02	-2.140929331704382599e-01	-1.047891168324317501e-01	-1.848302955008519488e-01	-1.409513958989146443e-01
-2.708075226595860197e-02	-8.488441558852559410e-02	4.441485522582225287e-02	2.514433998850316987e-02	-7.766042538937870110e-02	-1.576947448619580444e-02	-2.570032949594332206e-02	1.509916871950825121e-02	-1.252619551916687723e-01	-2.722788874488193955e-02	1.784793258118334489e-02	7.472800523011244311e-02	-5.719198632543615046e-02	5.230909689777876043e-02	-4.554259474972478794e-02	6.981972585593968633e-03	4.263572895022638837e-02	-3.261090147056065064e-02	1.471689531788389627e-01	3.004826859343369752e-02	5.275320672138900796e-02	-8.669419843884412780e-02	-3.516811072701819807e-02	-4.464500070638840329e-02	-3.356084683303911520e-02	2.163737900585423896e-02	4.916854704067350618e-02	-6.018181226123345967e-02	-1.606142702418923707e-02	5.760040787387098876e-02	-3.131996246656597316e-02	5.608741985445260536e-03	-1.825599231470101391e-02	1.575300490705391354e-01	2.655217179559518637e-02	-3.467983932912453715e-02	6.511763742981768743e-02	7.005842140258841666e-02	1.053137878033478247e-01	-5.426240459861005755e-02	-5.704866400863884551e-02	2.153142330900954804e-02	4.628663112822401643e-02	3.322879610466372702e-02	6.708861699842777471e-02	1.059113643567403951e-02	-2.054243483381918561e-03	-6.558091573293670096e-02	2.961618946011035022e-02	-4.836888936478579704e-02	-5.653757718134500704e-02	3.371927016116179482e-02	9.439882418309607226e-02	-9.067683291198773421e-02	5.421989903775096403e-02	1.908002113288983018e-02	-4.693146452919619294e-02	9.593405840474787671e-02	3.383404630396649737e-02	-6.549049115449220859e-03	9.936006272602278255e-02	-2.194782749420641152e-02	-2.478216661772405030e-02	-3.444543848910704836e-02
-8.474403155248484351e-03	4.170312792481399577e-02	7.252198432066857270e-02	5.066638435909731619e-02	-7.827958447614369319e-02	8.825943300743172015e-02	6.358702520172417050e-02	-3.605137506032571326e-02	-1.128863755128584750e-01	1.784793258118334489e-02	-8.055219486153422648e-02	8.622547871516353379e-02	5.559176297786927456e-02	1.125405777621712317e-01	-2.956718381670163376e-02	2.113827613955774343e-01	-1.011069119326810373e-01	7.710386612733144407e-02	1.981186865736536684e-02	4.486391497663951705e-02	7.543553863278290583e-02	-8.682375089665209100e-02	9.846541222362932555e-02	-1.118196707470185507e-02	7.122810004511601067e-02	1.043531178155472361e-01	1.543308520328709466e-01	7.749821103574264236e-02	5.783774575219577385e-02	1.652915164711100116e-01	-3.280466246229388899e-02	5.433696406585647454e-02	8.768321242135546090e-02	9.343975549937104386e-02	1.597273566620313057e-01	1.832165771869946266e-02	-2.608221902275298376e-02	1.975850129148333800e-01	2.309764915881274208e-03	1.291894341954110681e-01	-7.140159779171241505e-02	1.427945948171936708e-03	1.445432027216199677e-01	-6.703796854633142788e-02	1.146784721604521967e-01	1.164834666434292898e-01	1.411413564172280255e-01	-5.569323840913770890e-02	3.344838656635409913e-02	1.130061803567226630e-01	1.037651642297726662e-01	2.666381978903645256e-02	-4.989294001546024093e-02	4.839444714449558926e-02	-9.918199144508724197e-02	1.804135046558356936e-01	3.885460128519836048e-02	8.333967104033264406e-02	1.467333864502805563e-01	9.668654663031910068e-02	1.957268298517852653e-02	6.340661215065013234e-02	5.302069989875433931e-02	9.814415671845808098e-02
7.260719599690021453e-02	3.889926147912199650e-02	2.612609474093004897e-02	1.295204838566086647e-01	-9.472618403225921413e-02	1.878274638896071935e-01	7.176558118319645296e-02	4.353336709034602570e-02	-1.830662843136001902e-02	7.472800523011244311e-02	8.622547871516353379e-02	-1.811095669819115517e-02	2.170435995706553739e-02	1.957639683253818708e-01	2.235975312006398263e-02	3.803242480220214716e-02	4.496945909615147549e-03	1.454569914582232171e-01	1.120733673261802843e-01	1.394693663836704955e-01	7.892371743192122535e-02	2.264809235581415059e-03	5.920407491615256590e-02	1.292069978419737863e-01	3.981174016436762192e-02	9.606924711728967448e-02	3.932660501476035325e-03	4.585111606168541798e-02	1.276132622661118043e-01	4.329648157141607889e-02	6.383916341678889939e-02	5.348033011439527057e-02	-4.586661044457202713e-02	1.378029029088823909e-01	4.267790779371148646e-02	2.625567963132679691e-02	-4.928832332275463746e-02	4.480763933704430546e-02	9.068391176240253593e-02	3.596885134651541666e-02	-2.885777609824002887e-04	1.201625907847461983e-01	-7.115667793908785066e-04	6.548408214032717944e-02	1.878188320500220887e-01	1.853669399680091256e-01	1.211881323079456174e-01	2.311386623842717411e-02	-6.029292681230502896e-03	8.801842827098742272e-02	4.780898452349918726e-02	9.382974452399964194e-02	-5.363184102158541355e-02	5.737319803886668790e-02	-5.903657541089839950e-02	2.056925782796037994e-01	-8.409385286988328712e-02	6.592957197057702778e-02	-2.840514380801628658e-02	1.223282708578802835e-01	1.616047836446513064e-01	7.425483521514252006e-02	5.964159361695292594e-02	1.666275914558039972e-01
-1.642916596779215449e-02	-1.352213450122767835e-01	-8.025364329885434356e-02	2.882903352350522225e-02	-1.073060584160244468e-01	-5.727208336835347413e-02	-6.816684578869246225e-02	2.477740493780078088e-02	-1.198299324785731257e-01	-5.719198632543615046e-02	5.559176297786927456e-02	2.170435995706553739e-02	-7.593100770930197307e-02	1.752019978374451392e-02	6.662506494918042643e-04	-3.875376794707305339e-02	-1.017941564220604944e-01	-1.383169145847173709e-01	1.062140295853079841e-01	6.670666475079488345e-03	7.635061599717016256e-02	-5.156791138559232990e-02	-1.314178010395489760e-01	2.217700598971732162e-02	-4.098892412092061677e-02	-7.834715765728078596e-02	-1.188004589774877412e-01	-6.412315410831460893e-02	-7.208393909906944674e-02	6.489983679982938569e-02	-3.623300903029216813e-02	-3.020688228666233710e-02	-1.111083273673163091e-01	1.035840606442540168e-01	-1.222762909471199061e-01	4.896952177882837876e-02	-1.161106928874278826e-02	-6.174056372962379025e-02	1.637468196424592126e-02	-2.792294099764129622e-02	-3.708777982526368505e-02	5.749174340155069340e-02	-4.692331046585049986e-02	2.327213413092308822e-02	5.326414261384415649e-03	-6.723078101126338246e-02	-5.019586969291303657e-02	-8.074543722771254650e-02	-7.271741582611054855e-02	-3.648068008927544958e-02	-1.678757482725084516e-01	7.188668378346746435e-02	-2.560395848968898685e-02	-1.376891084114026664e-01	-6.915125556603914092e-02	-3.693483862514115867e-02	-8.055643774556559000e-02	-3.530194418852757032e-02	1.659745324909503439e-02	-1.288396016873578076e-01	1.200254568198334815e-01	-5.688663373468887813e-02	-9.440898483066700875e-03	-6.227832959164530252e-02
1.351454715741621793e-01	-3.659569481084530562e-02	3.334848375200608062e-02	2.384739745382284948e-01	-5.260708786279620630e-03	1.083037845425530860e-02	1.178173728284925559e-01	9.220241697901324085e-02	-2.666309996086110856e-02	5.230909689777876043e-02	1.125405777621712317e-01	1.957639683253818708e-01	1.752019978374451392e-02	-1.725507742695001068e-01	2.869395391057228545e-02	-7.980731773035015797e-03	1.503295895977995178e-01	-1.806799633389326587e-01	9.577501952920784711e-02	4.176069172202172969e-02	1.173572109830997579e-01	2.582862384472341816e-02	-1.165781648901819123e-01	-1.886874141914796077e-02	1.265129145032920649e-02	-4.380971735651187360e-02	-3.098990320276048815e-02	-1.420724188761351980e-04	1.324525808109665581e-01	9.759799247727539429e-02	8.158610126172065324e-02	-2.570837454160271318e-02	7.910096695372928477e-02	1.200716424424738971e-01	-4.636272270135643331e-03	7.805830531470485389e-02	5.772698996612062039e-02	4.699566700893537119e-02	1.120642642277789869e-01	2.634684657893462956e-02	3.819701823268759067e-02	3.937448414173663064e-02	8.944328743720444952e-02	1.919394893426608073e-01	-1.085338157888064703e-01	-1.145064932870707708e-01	-1.245110733983457868e-01	2.744232444141325028e-02	1.339590238789835630e-01	1.021418698647865997e-01	5.778231089562235745e-02	7.740285891837522803e-02	1.266718678079845062e-01	1.092855313577502929e-01	8.637290984497397739e-02	-1.232531406188841910e-01	3.261821058720934530e-02	1.693522734747436240e-02	4.166261049880608941e-02	-8.145307711502272618e-02	5.806603574050781674e-02	-8.561315000475386294e-02	6.772678688512000222e-02	-4.386965268612189051e-02
-5.757855133155075078e-02	-5.452407863532187510e-02	1.529028595354228054e-02	-3.807431398333206707e-03	-9.030324888837371056e-02	-3.119982533057152202e-02	-3.446670756511848593e-02	-1.047348379199923019e-01	-2.612863438578295061e-01	-4.554259474972478794e-02	-2.956718381670163376e-02	2.235975312006398263e-02	6.662506494918042643e-04	2.869395391057228545e-02	-9.679212388429979386e-02	5.426480528679764742e-02	-1.182203762800327906e-01	-4.398203619771598460e-03	3.651289586141778093e-02	-8.786535006635991241e-02	-4.364728377521048808e-02	-1.558850925988853886e-01	-2.185411827790952055e-02	-5.187717013839947267e-02	-3.864836384342860975e-02	2.512872059466089367e-02	-1.115075742936716754e-02	-8.081744837294041472e-02	-5.358807828408770901e-02	1.532187155513352328e-02	-6.308754514587265605e-02	-1.881099709552765120e-02	1.567445163830975471e-02	1.560556387916006357e-02	2.319927295798787648e-02	-8.930251722540850923e-02	-4.622043310251458537e-02	5.496196325764142465e-02	1.191030801007887663e-02	-6.920518020730158371e-02	-1.308315502949259912e-01	-4.812843409557010510e-02	3.821269063492176155e-02	-1.518032146390256576e-01	4.292379972575318531e-02	1.882013294973376022e-02	3.414549300141539456e-02	-1.188590262901288996e-01	-3.742464854812915798e-03	2.991533242837084855e-03	-6.243306271941119479e-03	-7.632694986242591351e-02	-1.125720081192816135e-01	-9.012145625465858845e-03	-1.296606949775332973e-01	2.600806109324543813e-02	-4.567884590991547200e-02	3.469740591492029291e-02	-4.245488578985748274e-02	-4.125293790782394443e-02	-1.043322836119614794e-01	-2.568590118983566511e-02	-8.490955538159808413e-02	-6.760325051828448839e-02
7.728582182086531083e-03	-1.534330451246072174e-02	-5.759427081873316756e-02	4.921364552711648965e-02	3.389901759628115296e-02	3.361144272220919355e-02	-5.146557559606162319e-02	4.480552960682782082e-03	-4.180311156256899530e-02	6.981972585593968633e-03	2.113827613955774343e-01	3.803242480220214716e-02	-3.875376794707305339e-02	-7.980731773035015797e-03	5.426480528679764742e-02	-1.546191727054983256e-01	5.247660603548259806e-02	-6.199260450673060863e-02	9.981136749286058374e-03	8.315577787591219017e-02	-1.556857742150174334e-02	-3.119607476877952340e-02	-1.156316224036409851e-01	-1.673570840436655605e-02	1.722197647058053283e-02	-5.989399322878099369e-02	-1.591367243647452689e-01	-1.623630337474289698e-02	5.595749880007258592e-02	-8.648047972713755749e-03	2.468056585991985907e-02	-6.386304143915363940e-02	-7.751517431672624858e-02	6.683450466726731376e-02	-1.761683881601614488e-01	-5.654032624619982628e-02	-7.881552338131211921e-02	-2.280691659078292466e-01	4.087451979676623437e-02	-9.819833861269171293e-02	1.310833034422692611e-02	3.517298272863013386e-02	-9.634976583909493630e-02	1.738883847756488854e-01	-2.008404242387579891e-02	-7.665315417580774449e-02	-1.317130033289858337e-01	5.935213368874685258e-02	1.154914298439665976e-02	1.416183751464070856e-02	-6.215548487436679120e-02	-1.294572006471076189e-02	1.184989755244215612e-02	-7.427475215975633260e-02	1.094524161846182134e-02	-8.132181905143506806e-02	-6.761549090305243870e-02	-8.437621568847744613e-02	-8.248513253031009018e-02	-1.184912468255671647e-01	7.099538426145611536e-02	-5.314286857820221116e-02	-1.443036836700029718e-02	-5.380023369379009768e-02
2.391260428812044814e-02	8.345209555535065132e-03	5.711674746269020803e-02	2.338693955249995793e-02	-1.320501531245852345e-01	3.214307140835436644e-02	5.119447198104376540e-02	-6.132328898062730516e-02	-1.391555480283940271e-03	4.263572895022638837e-02	-1.011069119326810373e-01	4.496945909615147549e-03	-1.017941564220604944e-01	1.503295895977995178e-01	-1.182203762800327906e-01	5.247660603548259806e-02	-9.539495200134007202e-02	8.454901734850039929e-02	1.973896707979627685e-02	-5.458550633378340955e-02	3.696943337813826669e-03	4.924014088997666003e-03	2.212718812537900481e-02	6.277349870686106670e-02	-5.346764706170344800e-03	1.116728555373790177e-01	-1.632862334665897280e-02	-5.420982344962307214e-02	-7.705747261791777436e-02	-2.644119751785291988e-02	-7.505712752631928109e-02	8.071272494591416602e-02	-1.148563614945337097e-01	6.741187128194506273e-02	-1.168452227666874968e-02	9.316779326074343948e-02	3.991035338336071381e-03	-3.536665311164859105e-03	-3.072317869080369579e-02	-4.188630853051885511e-02	-5.843205011382211767e-03	4.697400712486239638e-02	-1.988794264231685122e-02	-7.790400570077442299e-02	1.851589196355190037e-01	8.475960041756873398e-02	5.996445920570984967e-02	-1.218714876078532128e-01	-1.131608276126134377e-01	3.528578065462198432e-02	6.395057457233338516e-02	1.183776076664284221e-02	-1.408525475961632800e-01	-4.974147325528269908e-02	-1.503387197545536513e-01	1.092520565812219735e-01	-5.126118841591477404e-02	-7.462694266041246943e-03	1.377121078128103193e-03	1.547289081454095439e-01	6.946173499760012471e-02	9.151918144888271378e-02	-6.849254740207354197e-02	1.470048051251665600e-02
1.028207703873111334e-01	-6.413530313656187754e-02	6.240150740074680569e-02	1.856688379897483976e-01	2.227013719672802511e-02	3.956436078079341584e-02	2.142893373572511001e-02	-2.472651584987938661e-02	4.562240358620885811e-02	-3.261090147056065064e-02	7.710386612733144407e-02	1.454569914582232171e-01	-1.383169145847173709e-01	-1.806799633389326587e-01	-4.398203619771598460e-03	-6.199260450673060863e-02	8.454901734850039929e-02	-1.818417688169364499e-01	4.577284565138606265e-02	-9.730408161295233532e-03	6.270893141691877282e-02	-5.515965285116664063e-03	-1.540550970320571089e-01	1.666020658428310833e-02	1.729371683577184821e-03	2.080699235657076235e-02	-9.653825446730564253e-02	-5.455859578261591791e-02	3.898415412106585876e-02	2.887152018190541902e-02	2.847440598763448585e-02	-2.711981661656932829e-02	2.983709851979989003e-02	-2.393643952024540611e-02	-1.249020549607669228e-01	3.407699052962090414e-02	2.118683388328211625e-02	-4.845442562129480268e-03	4.475187285605600196e-02	-5.225166498283974337e-02	-6.137272657663593589e-02	-5.236260398456877435e-02	7.397677375440145364e-02	8.540040527172076956e-02	3.780513228000016018e-02	-1.710589183297066551e-01	-4.251637446190280334e-02	3.552971476257990591e-02	1.095066135424416220e-02	-4.295209562117839608e-02	-7.528264205500664885e-03	-9.446609214293003390e-03	-1.902712491048085680e-02	-4.006922754484092131e-02	-4.643701226489776318e-02	-3.287219347132563224e-02	-1.285827117164193428e-02	-7.224639895966410152e-02	1.479526694034716955e-02	-4.132376311939546520e-02	1.931690173707625857e-02	-1.846752181033937956e-03	-1.546241322852122055e-02	-1.308429390143661664e-01
1.100489659052521219e-01	1.532900024353263564e-02	2.301489134992409924e-03	1.732814792294611328e-01	-4.687978652803562879e-02	6.984318130627421850e-02	-7.822337957476475229e-03	-1.041859175375551144e-01	3.791805953723834111e-02	1.471689531788389627e-01	1.981186865736536684e-02	1.120733673261802843e-01	1.062140295853079841e-01	9.577501952920784711e-02	3.651289586141778093e-02	9.981136749286058374e-03	1.973896707979627685e-02	4.577284565138606265e-02	-1.259956283863888360e-01	5.144742400336751315e-02	1.579532605159829350e-02	7.773004519922388500e-02	5.958303521525278035e-02	-6.210300705242591951e-02	1.896626038622847843e-02	1.200768559684016745e-01	1.024773514133293373e-01	1.299785316849329520e-01	1.596489632718785939e-02	9.923979753668751846e-02	1.347587090445030444e-01	9.273090024883151594e-02	1.161450217484672337e-01	-1.192253276484210589e-01	6.319580511397232536e-02	-3.718502659723711690e-03	2.438632000207230366e-02	7.545551071086527284e-02	9.288053828580576654e-02	9.487143246875810731e-02	-4.071573036004980106e-02	-2.105355180355312494e-01	1.319208479645350984e-01	8.639841628634326032e-02	9.977953039421841308e-02	4.899444915746259399e-02	8.437816333954861747e-02	-6.807053201779174334e-02	1.840981376110492063e-01	9.020865076351176903e-02	4.259930729680798389e-02	-1.011888229766370190e-01	4.660588244773448963e-02	1.516972104845666913e-01	-4.029217161979173345e-02	9.783809853421997216e-02	1.577721595901662721e-01	-4.922955104524774639e-02	9.384141308221674582e-02	7.099153974953563428e-02	1.007352279756874025e-01	2.775504270241200416e-02	1.418247366526175779e-01	1.262250594054195041e-01
1.671043712842772838e-02	5.752631411277294576e-03	1.156864570166812878e-02	1.491488841169811286e-01	-1.106343074403686733e-01	1.968974626039132064e-02	8.182456472267951586e-03	-1.638980854252371569e-02	-1.826766821254430240e-01	3.004826859343369752e-02	4.486391497663951705e-02	1.394693663836704955e-01	6.670666475079488345e-03	4.176069172202172969e-02	-8.786535006635991241e-02	8.315577787591219017e-02	-5.458550633378340955e-02	-9.730408161295233532e-03	5.144742400336751315e-02	1.296373426956390351e-03	3.116185017628111259e-02	-8.711422171657928759e-02	3.026204624665086024e-02	-2.078373451664791149e-01	9.697213878212790350e-03	6.680160697225084876e-02	8.002846965111742872e-02	6.513010089244136713e-02	3.529217517488971584e-02	1.819845188159623373e-01	-1.250686927246359437e-01	3.225708689265765344e-02	8.664680103252157817e-02	5.075018566262004538e-02	7.085973503843769061e-02	-4.656500521999389075e-02	5.694715585882437203e-02	8.645075461099789582e-02	-4.634026331280763356e-02	9.750049333526777939e-02	-9.481051608611951176e-02	-5.908459068913703149e-02	1.573657554313879214e-01	2.102929522926656747e-02	8.512699979569403330e-02	4.640899639236412133e-02	5.356946999758777778e-02	-1.049174275897021003e-01	8.274429430711800759e-02	-3.903634435579492190e-02	-5.421686705623235403e-04	-9.648104537176586948e-02	2.168409310357730796e-02	1.060665717179586076e-02	-3.336290447355945432e-02	4.342289706283837536e-02	8.977853120105787343e-02	1.043451807194655662e-02	1.059036034367599188e-01	1.674477470317791566e-02	2.851129972857011780e-02	4.789521475708685694e-02	1.386352209845243544e-01	-3.840304566006798315e-02
3.213635417256761884e-02	2.171286895936469161e-02	6.942749933165895393e-02	4.224881870537439132e-02	-5.786868525841887961e-03	1.051587923309167394e-01	3.317491663801089286e-03	-9.519403326460222636e-02	-6.718521193770773947e-02	5.275320672138900796e-02	7.543553863278290583e-02	7.892371743192122535e-02	7.635061599717016256e-02	1.173572109830997579e-01	-4.364728377521048808e-02	-1.556857742150174334e-02	3.696943337813826669e-03	6.270893141691877282e-02	1.579532605159829350e-02	3.116185017628111259e-02	-8.694285329244309801e-02	-4.195484266519250438e-02	8.337372300002340864e-02	-7.941582120002432799e-02	-2.965863039013801050e-02	1.622146402852193414e-01	1.048068353493989691e-01	2.981381559621871374e-02	1.850834624185283481e-02	7.091756778852603693e-02	-3.492939543270337510e-02	1.149143679531960810e-01	5.499175354521838172e-02	-1.219474062707224110e-01	3.920421964901148193e-02	-3.466140048943432139e-02	1.467225311565119872e-01	9.304175099458414366e-02	1.996365991876022927e-02	4.271133970519169765e-02	-1.105250117455331138e-01	-1.300449400934456934e-01	1.104630573108890540e-01	-6.611043846946014664e-03	1.570257363398717132e-01	9.810693324369303137e-02	1.350416086097736557e-01	-5.972489849008520701e-02	1.879179886713968489e-02	-1.962302366565591913e-02	9.846862132881654961e-03	-1.339983315624042326e-01	5.916302387857161338e-04	8.955226727788812013e-03	-6.172439281431187086e-02	1.300241385898492086e-01	1.271599051857994211e-01	7.278936877774429270e-03	1.203419338053239723e-01	9.227186202740575438e-02	5.612602262121806074e-02	1.077047103210252016e-01	1.380606550947546252e-01	-4.167264289016222450e-02
7.096240349625858312e-02	-5.986451312898728727e-02	-4.551114647306223060e-02	1.252491431516346565e-01	-1.938585428519881693e-01	2.273134396025135867e-02	-6.150946191619396930e-02	-6.935312029049531257e-02	-6.062734501177616253e-02	-8.669419843884412780e-02	-8.682375089665209100e-02	2.264809235581415059e-03	-5.156791138559232990e-02	2.582862384472341816e-02	-1.558850925988853886e-01	-3.119607476877952340e-02	4.924014088997666003e-03	-5.515965285116664063e-03	7.773004519922388500e-02	-8.711422171657928759e-02	-4.195484266519250438e-02	-5.393677764529424684e-02	-9.403884053423575140e-02	5.620144300340773613e-03	1.937519179144086418e-02	-8.212676936055623989e-02	-7.372618822953566631e-02	-4.993605251683748414e-03	-7.896442116474750028e-02	1.522946327929801391e-02	1.371324721322719764e-02	-1.337461722098947370e-01	-1.795076109087363758e-03	-5.880505102064805673e-02	-5.521241829396780765e-02	-2.790260726459362073e-02	-1.218224042912729871e-01	-4.338898871497428450e-02	-3.881058335096755629e-02	-4.771763502037569549e-02	-1.597644471780569342e-01	-6.850161985363094341e-02	-3.617921070098090164e-03	-6.322323367890142487e-02	-2.422190313302573228e-02	-5.286212117070512168e-02	-3.360630226317685987e-02	-9.273010211271483227e-02	3.903888876064243174e-04	-4.735308928506930942e-02	-7.323079022190445708e-02	-4.576770630482549646e-02	-1.764867502786546249e-01	1.119643942271324882e-02	-1.339193684505150528e-01	-1.015939259401013595e-02	-2.879893376577603858e-02	-5.590077888173797943e-02	-6.298447999500322858e-02	-8.967157592915342423e-02	-6.461480637049143994e-02	-9.416087866218250668e-02	-6.119356993049338000e-02	-9.614256790818918874e-02
-2.662553908568041083e-02	-1.063567398642520367e-01	-1.677904334573190881e-02	1.119115099926992762e-01	2.304683704759254159e-02	4.749349915427275581e-03	-2.030175704881613877e-02	1.156852099858700703e-02	-6.160819730668101735e-02	-3.516811072701819807e-02	9.846541222362932555e-02	5.920407491615256590e-02	-1.314178010395489760e-01	-1.165781648901819123e-01	-2.185411827790952055e-02	-1.156316224036409851e-01	2.212718812537900481e-02	-1.540550970320571089e-01	5.958303521525278035e-02	3.026204624665086024e-02	8.337372300002340864e-02	-9.403884053423575140e-02	-1.835510795714611065e-01	-3.360629519625157879e-02	-9.715918508336332526e-02	6.457052578816679933e-02	-7.861254940605075237e-02	-1.096507067829072257e-01	3.157632070139936020e-03	-2.058263591112521537e-02	-7.543363648243886499e-03	-2.117189648319524331e-02	-7.927587779517894506e-03	4.072402373422752409e-02	-9.787598864585358993e-02	-2.643851495491830392e-02	5.738541761885848635e-02	-4.296035125825607703e-02	3.627621866612213558e-02	-9.122487382699630276e-02	-3.901811168300791527e-02	-3.974315101527157307e-03	-2.637112002730715443e-03	4.584409164993510921e-02	2.571968385868500517e-02	-5.487167739944991823e-02	-3.646830334744298463e-02	1.458908375798063234e-02	-4.718697610481763921e-02	-7.888981730048601204e-02	-6.774869791491085202e-02	-1.324378300015166890e-02	-8.631049723589193784e-03	-1.098568752768015744e-01	4.948068604156509454e-03	-7.001165705079764878e-02	-1.163022866677036748e-02	-2.412612156115142431e-02	-6.517569019579297351e-03	-7.019534161391918770e-02	-2.321334968351761174e-04	1.339843899002497729e-02	-6.202371014369875007e-03	-1.162030932397512401e-01
1.615778064204807796e-01	-3.834306193813379754e-02	-2.037410137857155468e-02	2.627009174317483930e-01	-1.072122910361262976e-01	5.166596419725313222e-02	-6.087702974369047643e-03	-9.872420564903841567e-02	-3.470305196334691478e-03	-4.464500070638840329e-02	-1.118196707470185507e-02	1.292069978419737863e-01	2.217700598971732162e-02	-1.886874141914796077e-02	-5.187717013839947267e-02	-1.673570840436655605e-02	6.277349870686106670e-02	1.666020658428310833e-02	-6.210300705242591951e-02	-2.078373451664791149e-01	-7.941582120002432799e-02	5.620144300340773613e-03	-3.360629519625157879e-02	-8.720386923230021015e-02	8.362788078466168451e-02	9.202058218948826890e-03	-7.763147024367589299e-02	6.276096857609513024e-02	3.711600173596125984e-02	4.400005616238516354e-02	1.840247170930928156e-02	-1.468597769111339990e-01	7.472032309868764655e-02	-1.671794723376648362e-01	-5.051789585141568117e-02	-3.910776080563342638e-02	-1.540561049223786450e-01	-3.139284937934495867e-02	-2.612371796428170773e-02	2.702412816160305528e-02	-1.066395488693312327e-01	-2.722162762345691212e-01	6.043328431822129337e-02	1.401434185452958836e-01	-1.665082419962827381e-02	-6.030126278041268023e-02	-1.572262566654150998e-02	-2.881619369667601238e-02	7.866195045696885990e-02	-7.858454518862255378e-02	-5.335659312308907443e-03	-2.410586349972910769e-01	-1.412837741378429601e-01	1.289665644129184274e-01	-2.121623859798494327e-01	-1.124138781896148742e-03	7.917159346483799987e-03	-1.712011350457640635e-01	-6.262448494808692256e-02	-3.820698444751760570e-04	-2.002707189784447284e-01	-5.577444375006107569e-02	-5.117540832405487183e-02	-6.680526107432681326e-02
