1.117243749181472123e-02	2.709503525772413712e-03	5.868965547899939253e-03	9.134921185327004450e-03	3.510464499879798611e-04	6.775373893150946764e-04	1.798704074350516990e-03	6.999933539143311442e-03	3.153739859624114100e-03	7.937877523558182352e-03	-1.530864653136445805e-04	-3.230464190630014110e-03	3.052878910571207166e-03	3.973137064264940441e-03	-8.147958553129403675e-04	2.833133968164794694e-03	1.486344628510526296e-02	2.196688047386754702e-03	1.260352472504701685e-02	6.601433572968831535e-03	1.098975235894813531e-02	4.699091802361223327e-03	-1.604187693826003569e-03	5.285562627624822499e-03	6.068761573486671987e-03	1.408786912377054529e-03	-1.597295930912208742e-03	1.971907170983940721e-03	6.339859697465470567e-05	-5.930623687629288897e-03	5.508265585802731880e-03	5.023856238734612095e-03	-1.688266249733382310e-03	1.171309739119901980e-02	-2.588526557954251225e-03	2.600625758837758761e-03	5.344284658254334214e-03	-1.449582031869329699e-03	1.259001207959201465e-02	-2.138808379449548894e-03	9.522303037701202594e-03	1.374869502067756905e-02	-5.632066387549577308e-03	-2.482639155095830302e-03	3.897990042347443743e-03	3.813194467441393537e-03	-2.198375661270086240e-04	7.683812687474053313e-03	7.061366354183161442e-03	3.579202646633954793e-03	4.392544999871534489e-03	8.537624662060351588e-03	5.814281187350408761e-03	1.165440891821582087e-02	5.058776455261730295e-03	1.240564996480258107e-03	1.720776300242468290e-03	6.514328162198428085e-03	-1.716146359658841762e-03	3.370119396943968559e-03	1.123624185685555624e-02	5.918837065115867269e-04	1.382335259848165715e-03	3.629871486427724281e-03
2.709503525772413712e-03	7.769325307630216976e-03	7.257375467505608815e-03	-5.255754183298207843e-04	4.403975096076720441e-03	1.292499613686805271e-03	7.733741318800349540e-04	8.272542100218140126e-03	5.135097567403565898e-03	-8.116515923203820176e-04	-3.523366035392677936e-04	-6.726245406555291656e-03	1.839677226371462873e-03	5.855473716336007800e-03	2.110565310144146486e-03	1.097780153879866077e-02	6.595668844008503555e-03	1.203329482406905251e-02	4.248928809544477367e-03	2.596332773802902637e-03	1.048212831470783993e-02	7.417207003376292615e-03	9.159064898817192296e-03	4.698987353282640944e-03	5.140656895116255815e-03	4.816792362896905530e-03	6.585850893580414388e-03	3.498676941122002421e-03	-2.180627660656252013e-03	2.498995296910505245e-03	-3.232878283751269236e-03	1.083974154910625001e-02	9.998593659328669850e-04	3.320198215882091616e-03	5.232478561662444461e-03	3.664175541870363234e-03	7.621465520615598385e-03	9.062099276855433219e-03	1.246998713602673944e-03	1.112616335623034178e-02	5.627057104496723319e-03	3.817661282300017535e-03	-5.316286117588988822e-04	-6.430083240767240846e-03	1.020584437861761333e-02	1.136171841468059177e-02	7.867232537049045904e-03	5.457247230259386350e-03	-9.478476223359587338e-04	-1.202892430581461655e-03	2.274887282658778070e-03	-3.584211577057029238e-04	-8.831825076887536013e-04	1.855917569851522203e-04	-6.272182804849550999e-03	5.849112482994447450e-03	7.477780301880148327e-03	7.468406169794133097e-03	1.107375426921272665e-02	1.519560653540551198e-03	4.928373157048529345e-03	1.024300865019583430e-02	1.433988123092136066e-03	3.131832530662976427e-03
5.868965547899939253e-03	7.257375467505608815e-03	1.753693177590640723e-03	-3.822452102089632375e-03	3.191661892085159366e-03	-4.562732119646965845e-03	8.412404973282404386e-03	1.118845172218684361e-02	-5.979609081450901892e-04	1.431578229543502799e-02	3.085021880153982973e-03	-1.517689247689007342e-03	1.362587375489120872e-02	1.039766110487881125e-02	2.268588616562745505e-03	-2.787359220863247500e-03	1.278852355048224268e-02	6.188025698204781960e-03	8.692211819831055508e-03	5.538606654771256049e-03	9.554564577246800472e-03	-2.665841007960405296e-03	1.291105721811475898e-02	1.082516673486359077e-03	-6.581373273875854024e-04	1.334514349525941362e-02	-2.359462881623888147e-04	3.659305764596261154e-03	2.857515187573371473e-03	7.961850701966970145e-04	4.725845110610249478e-03	8.793156961823837478e-03	-1.146158142690872558e-03	5.881892604690140518e-03	1.743599607391992795e-03	6.195083052285155906e-03	1.239878958610131018e-02	2.399588782227386405e-03	1.170216603379266307e-02	3.596637288263915960e-03	2.780066736552023673e-03	-3.220370520065743251e-03	-1.192558287871965661e-03	-4.738626234281236027e-05	1.043877045360987882e-02	5.690860098910861115e-03	1.220599156188474817e-02	5.921810956999347397e-04	1.169955742045399733e-02	7.113401152636665559e-03	1.152440487227107159e-02	7.373491471729831659e-03	9.625837202419610522e-03	1.316341041550900259e-02	-3.149571229288805271e-03	5.012050443333011460e-03	5.591669772947029798e-03	7.019463782797804099e-03	-1.473323829108839217e-03	1.320848199037755535e-02	1.279449932382227539e-02	1.399319520274740387e-02	8.122106540229972332e-03	2.741461801122323586e-03
9.134921185327004450e-03	-5.255754183298207843e-04	-3.822452102089632375e-03	1.103785769880480556e-02	4.461376604604390395e-03	-4.906598697794266675e-03	-4.842617477172440899e-03	3.836225928431335683e-03	6.965261064774302610e-03	1.037069023181591033e-02	5.739616265394527003e-03	-2.347714544411738657e-04	6.417398386074968375e-03	2.676026753031210924e-03	5.877644583820385710e-03	-4.265871979319079896e-03	9.319510786623958279e-03	-1.374387516376977120e-03	1.280772356908030027e-02	1.004201406109678403e-02	1.029667699971390654e-02	1.011031721177038135e-02	5.310275124208794009e-03	2.368828306152534653e-03	2.662091453134226432e-04	6.084486762977641197e-03	-2.979899690697829055e-03	3.022877417815338086e-03	-1.357254804678017374e-03	1.630335073233220820e-03	1.145375623546167343e-02	4.645222646295519772e-03	-2.301590108850350667e-03	8.148630738197602461e-03	-6.319368643253867393e-03	-4.130599804703371201e-03	4.849043328064189459e-03	-2.251065575368382289e-03	1.671254039118588025e-02	3.161164228679645694e-04	7.499038355668909660e-03	7.439902926625677204e-03	-1.630751116122313750e-03	4.832291957148175665e-03	3.220487483268853930e-03	-2.599758973677222806e-03	3.246651488076689879e-03	7.721304336005985203e-03	1.706728038578528631e-02	1.182539923614524778e-02	6.777428113176551736e-03	1.320602620251525201e-02	1.182052106078774339e-02	1.565955788609049021e-02	9.407166897556260010e-03	1.200004048914939114e-04	3.638496355542324492e-03	4.751338151149111372e-03	1.817656543111343184e-04	3.514548375395458793e-03	1.550226399434662290e-02	7.165183070497677456e-04	7.287652515713824442e-03	1.446898247136771398e-03
3.510464499879798611e-04	4.403975096076720441e-03	3.191661892085159366e-03	4.461376604604390395e-03	1.661974032309195340e-03	1.598328483962017585e-03	4.782999250461250282e-03	-2.149063397586937867e-03	-4.823252559308344525e-03	4.975316554887533951e-04	-1.375479554197182701e-03	-3.405115047825346339e-03	2.112577072460531530e-03	5.093734112869946831e-03	-2.205655182039426010e-03	7.204941688489473195e-04	7.587583330397458699e-03	5.274667966050982509e-03	3.976225108376347725e-03	-1.487965524856870586e-04	9.842816104082033682e-03	-4.466974800543822496e-03	3.680041138677900975e-03	-5.750835796909624376e-04	-3.962804033973657547e-03	6.816794193932329549e-03	2.626789639086941387e-03	3.016171256012502647e-03	4.970750586006204841e-04	2.840719668781638806e-03	-8.122564203627176405e-03	7.607783758057352907e-03	-1.040186741832881817e-04	1.898945289657173220e-03	-2.493238547320432083e-03	-5.670197220342300046e-03	1.182596314838483924e-02	3.850012872633357813e-03	7.458108291029514475e-03	3.470970525902086073e-03	-2.790359848203354844e-03	-5.105097235927153962e-04	-1.075166215517397994e-03	-6.930083547660764905e-03	6.224563375748963859e-03	3.667301096182309927e-03	1.834662792443354784e-03	-1.254875039110855961e-03	4.161098622107797795e-04	-2.931142517770430125e-03	1.617194168446762365e-04	3.095273451902105961e-03	3.466792929185499167e-03	2.580882193692162624e-03	-4.168677215695817083e-03	4.430495537640898387e-03	4.652564443534684333e-03	5.827055870929213552e-03	4.306561041726223588e-03	7.084956555954605162e-03	7.724931574434514697e-03	8.496493977414689910e-03	2.215036131496388519e-03	-1.697481600189903669e-03
6.775373893150946764e-04	1.292499613686805271e-03	-4.562732119646965845e-03	-4.906598697794266675e-03	1.598328483962017585e-03	3.820043555262594981e-03	1.337901022241363980e-03	3.295234780531942648e-03	1.563228021035464009e-03	4.661373833914361949e-03	-1.777674314431865882e-03	-4.529027140472309705e-03	5.456594727725194716e-03	6.791481854397203415e-03	-2.883026901267168873e-03	-3.976407138371140446e-03	1.731524785892625193e-03	2.410279778144999371e-03	7.544220256669341082e-03	6.766038202194648438e-04	5.544780023163000185e-03	-3.769372481341573371e-03	1.524780593751313626e-03	-1.258004142285551463e-03	-4.342020963698513605e-03	6.326858839508129120e-03	-1.022340967227823062e-03	-9.688793346841959031e-04	-4.430858662079310839e-04	-4.133173324665029638e-03	-4.281542321466713652e-03	4.142282985731984488e-03	-3.878057384398785230e-03	-1.164104112892752445e-03	-3.955855057729896693e-03	-4.640079717113117230e-03	8.538805023995309218e-03	-1.157254837569449482e-03	6.658730505921189348e-03	-2.550394444332053021e-03	-4.520233990805535076e-03	-6.870188330813960589e-03	-6.865987928599201484e-03	-5.338145894942128086e-03	6.015783071513023175e-03	-1.396518825869176236e-03	2.457706698827506753e-03	3.338085861187247566e-03	2.919136876006051678e-03	-1.401767916347958394e-03	4.709313329532376774e-03	1.131194896394200483e-03	2.005290081433491745e-03	2.557764957846596007e-03	-8.202822685615175982e-03	1.592922408903095499e-03	2.052461835170604765e-03	2.033547178454704271e-03	-3.932979076295613566e-03	5.472946840916989922e-03	5.830640421999505434e-03	7.072119706298464134e-03	2.862863819651666197e-03	-4.069948810153826285e-03
1.798704074350516990e-03	7.733741318800349540e-04	8.412404973282404386e-03	-4.842617477172440899e-03	4.782999250461250282e-03	1.337901022241363980e-03	3.043981843408826576e-03	4.223914045379867019e-03	1.923207364267889852e-03	3.952720487071695321e-03	-1.797227711899391199e-03	-8.595308317564028314e-03	5.970379142132106048e-03	4.316660097962268447e-03	-2.629232577879749705e-03	5.660495691484111053e-03	5.406483595860071475e-03	4.142092065003429718e-03	5.084073339789437623e-03	8.975508583726138703e-04	5.230952662923001734e-03	1.676578252751628403e-03	7.281015940732715741e-06	1.410931679742240610e-03	2.628189211828606264e-04	8.214255125497931659e-04	1.684435223141217929e-03	-3.678263720767358316e-03	-3.866452886465882727e-03	-4.217105003797236469e-03	-3.233754525000033173e-03	2.338066589884293944e-03	-1.340640764380644431e-03	3.791349383936432407e-03	4.631323303284032994e-04	-1.663047726715794275e-03	2.749150589708034692e-03	3.413123566308269054e-03	3.757526111347353828e-03	9.218024766132464770e-04	7.618246438048781669e-03	3.531593476385527786e-03	-4.222299810200945067e-03	-9.053148537398083076e-03	4.341915522433984972e-03	1.322039310430234149e-03	-4.485441991975650661e-04	3.504632953400246484e-03	2.082321886734688973e-03	-1.381587406497807730e-03	4.459644168636443806e-03	-4.301442902424226430e-03	-2.923945265735432633e-03	3.790320642821427832e-03	1.299073618205928704e-04	2.740420695594280448e-04	3.026042367271294595e-03	7.691134775065595550e-03	2.796395023879005674e-03	-1.763304481377316740e-03	4.080017648020422931e-03	1.570325321659883644e-03	2.617773385800367669e-03	-2.472474042488674584e-03
6.999933539143311442e-03	8.272542100218140126e-03	1.118845172218684361e-02	3.836225928431335683e-03	-2.149063397586937867e-03	3.295234780531942648e-03	4.223914045379867019e-03	8.273628483091913580e-03	3.593232001465995751e-03	1.075696987121667683e-02	6.702055124846364315e-04	-9.347190742347941811e-04	1.867519648644631707e-03	2.617400717552923958e-03	-1.725483541073175725e-03	7.327942657423501538e-05	1.581992924276864193e-02	5.227608875671488353e-04	7.944478249667718400e-03	3.661258136380435291e-03	9.178082943267919236e-03	7.302076120312566559e-03	-1.903219823411910101e-03	7.963918807163739011e-03	8.891005533918942480e-03	2.216011430072052125e-03	1.728876021452361439e-03	2.511303487826256273e-03	2.489740264758517896e-03	-4.007488808937903664e-03	5.814274442132542735e-03	2.613786901092604933e-03	-2.427140103042242647e-03	8.763745924413354760e-03	1.110825512325016792e-03	8.029897836460402061e-03	-1.117916108569981179e-03	-9.158911010528902885e-05	8.484717037971011011e-03	1.735568426701993017e-05	1.444985492148487261e-02	1.151706030769985255e-02	-4.772385664796687833e-03	4.170770026140748279e-04	-1.691501846694948297e-05	3.930687395117852048e-03	1.281709733086753428e-03	5.919553930463188410e-03	6.839736641208979048e-03	1.192524596914201415e-02	5.605131687539216707e-03	9.336238461515074596e-03	7.247207836156019725e-03	1.115126095607534701e-02	9.475097528641614891e-03	2.402132058948810642e-03	-1.970516812905049979e-03	1.789615242241398424e-03	-1.120947254310469127e-04	3.784514217915743717e-03	9.270261498438233522e-03	2.643360619344024831e-04	2.470516331833249105e-03	6.025622429840353858e-03
3.153739859624114100e-03	5.135097567403565898e-03	-5.979609081450901892e-04	6.965261064774302610e-03	-4.823252559308344525e-03	1.563228021035464009e-03	1.923207364267889852e-03	3.593232001465995751e-03	4.419612866417821015e-03	9.897502843494741798e-03	-1.149301180951455351e-03	-4.473289572546809527e-03	9.982888425875613078e-04	5.471730589631140090e-03	-4.693364922139712028e-03	3.665656772634100571e-03	6.326021613929859455e-03	6.103309040750499667e-03	9.398470863340304543e-03	1.427112631827211209e-02	1.384538141435045014e-02	4.450691465583880152e-03	7.347173100883376551e-03	1.252124142816309071e-02	2.922080198791896649e-03	8.057614496420844805e-03	2.823259135827640640e-04	9.090676577093392829e-03	-4.835048103999584762e-03	-4.531136115265661443e-04	1.526653697249525515e-02	1.205090630807626254e-02	-4.115831005984768587e-03	9.860275653980558885e-03	-2.350013900239204118e-03	7.735668067382955350e-03	7.872103175203676306e-03	2.398399440558160109e-03	1.440279425002500245e-02	1.548104677327332042e-03	-2.314818351160860543e-04	9.244763672557675810e-03	-4.011722434958323383e-03	-2.024267250935219385e-03	9.552086812338985572e-03	1.033522430673071250e-02	6.983789263017009877e-03	-2.668411772996615375e-03	8.060650217710164933e-03	1.087530268670656650e-02	6.784178019263385241e-03	1.001247419206108442e-02	2.902803781931521075e-03	1.243144138170573093e-02	4.419150610851718328e-04	6.194103122446897522e-03	1.654813193792398565e-03	3.588602304258536532e-03	1.156245900167177099e-04	7.726221454235205136e-03	1.426191173905172818e-02	6.945521067177595591e-03	5.007130793347401923e-03	1.986459697379852618e-02
7.937877523558182352e-03	-8.116515923203820176e-04	1.431578229543502799e-02	1.037069023181591033e-02	4.975316554887533951e-04	4.661373833914361949e-03	3.952720487071695321e-03	1.075696987121667683e-02	9.897502843494741798e-03	8.525722468940854365e-03	3.077280682519526953e-03	3.067879016555182491e-03	5.751621138429235253e-03	3.332511379546281363e-03	2.935568006766864357e-03	4.190912594222857314e-03	9.932210081982636302e-03	1.172336692745102119e-03	2.269364849982943161e-02	1.113287773370891590e-02	1.574728586518310547e-02	1.160507370461955415e-02	9.255211424030393430e-04	9.082130096112814646e-03	9.216876153970762070e-03	6.635093511650817094e-03	-1.368179760523881468e-03	9.815424530471633310e-03	-4.452733066922873878e-04	-4.824152318898796213e-03	7.629233148094662423e-03	6.742066611772426672e-03	1.868222042920097276e-03	1.300420661643512943e-02	1.965126218191061772e-03	4.766203411807544768e-03	1.438981382954058683e-02	-4.501137378136663147e-04	1.744900665845652496e-02	6.172396118802548660e-03	1.648951434655172160e-02	1.567983869393812374e-02	-2.589108048164145970e-03	1.062566463845516715e-03	7.640803305686646833e-03	-3.104741446698528265e-03	2.656750349956222244e-03	8.248114924570500855e-03	8.861125123941184650e-03	1.050309097984702435e-02	9.005146230846562683e-03	9.010807323881028785e-03	1.470838250876759651e-02	8.296662593656481399e-03	1.568752397514601091e-02	2.082237335843433595e-03	7.254221814341597560e-03	1.832758812812968277e-02	-9.316941353259633810e-04	5.494837099929213153e-03	1.617259080948234284e-02	5.278503427628186695e-03	9.465985352318080637e-03	5.145388102820214887e-03
-1.530864653136445805e-04	-3.523366035392677936e-04	3.085021880153982973e-03	5.739616265394527003e-03	-1.375479554197182701e-03	-1.777674314431865882e-03	-1.797227711899391199e-03	6.702055124846364315e-04	-1.149301180951455351e-03	3.077280682519526953e-03	8.774607986067805773e-03	1.537641834031101482e-02	-1.524946497670981796e-03	5.195542111704103475e-04	-2.431737530115319484e-03	-6.128201797593576042e-03	1.664626101153312936e-03	-2.393840643375725469e-03	7.095496548705580719e-03	2.104330623613280549e-03	8.672062982392862718e-03	3.967492447040131022e-03	7.539556199443503588e-04	-4.250190569361947390e-03	-1.886545164933697664e-03	4.609004372410846831e-03	-2.308230690648774373e-03	1.424987839813544356e-02	4.855778453734381495e-03	-6.571470238642147105e-04	1.022266218032110395e-02	3.984784987977781079e-03	3.023274360768529907e-03	7.384706719204426478e-04	-2.449761759979790857e-03	-1.926554491621170449e-03	1.835448659745027647e-03	-5.218691703053916428e-04	9.565046948151152001e-03	2.389492593687883581e-03	2.884666273130380432e-03	5.982039732460106216e-03	2.577072206679405925e-03	1.296898818153853494e-02	2.147792126505817904e-03	-2.408653227003215453e-03	-6.707425679833220467e-04	1.810108271272349578e-03	1.323875116112630500e-02	9.499256490654719304e-03	6.317635038075018229e-03	6.909777813209828229e-03	4.264289925961849831e-03	1.115688071409546948e-02	7.445198407643790345e-03	-2.310180452543440007e-03	1.634854374997799994e-03	-8.291657651830937337e-04	-2.547956850846092892e-03	4.073320481333530391e-03	4.430376361088415871e-03	2.804991595673346754e-03	2.153241617456435122e-03	3.091421524481890656e-03
-3.230464190630014110e-03	-6.726245406555291656e-03	-1.517689247689007342e-03	-2.347714544411738657e-04	-3.405115047825346339e-03	-4.529027140472309705e-03	-8.595308317564028314e-03	-9.347190742347941811e-04	-4.473289572546809527e-03	3.067879016555182491e-03	1.537641834031101482e-02	8.319785047314631060e-03	1.924537250955744502e-03	4.969424102702606899e-04	9.737655112346550040e-04	-1.245080006704453804e-02	-3.964810137205175208e-03	-3.174467068566438378e-03	3.632925091219416092e-03	4.316892928475254271e-03	4.249757786679039459e-03	-1.038968208234987770e-03	-1.760806920579160821e-03	-1.001057045762562131e-02	-5.308681756510701295e-03	4.719461352901752407e-03	-1.002453903499743275e-02	-5.088680988498787972e-04	-2.496456852282015124e-03	-1.127310908424048082e-03	8.635464664379578076e-03	-1.339883116505292439e-03	-1.110784799660814032e-02	-1.270442844599414811e-03	-1.435438046982925354e-02	-9.028988371367344806e-03	1.820514886315963837e-03	-8.868767453312512150e-03	9.861210854449721508e-03	-5.531416763578456477e-03	-1.273932175105145850e-03	1.890627852076732715e-03	-5.376135486874765099e-03	9.189819651319212218e-03	3.495661152788369364e-03	-9.679406058295109833e-03	3.705816427992908273e-04	-3.420044146943813576e-03	9.846954953062545327e-03	6.193776629995559856e-03	1.088874262371847430e-03	4.001760313511258660e-03	2.771160139440238812e-04	6.100788375388572875e-03	2.401622859835918569e-03	-4.577354853713523110e-03	-2.126010859537908956e-03	-5.906302245990495761e-03	-6.749976087513041498e-03	2.900137885775601852e-03	9.893340063117711178e-03	1.320219467983848802e-03	4.970880121487868814e-03	-9.743832428958128580e-03
3.052878910571207166e-03	1.839677226371462873e-03	1.362587375489120872e-02	6.417398386074968375e-03	2.112577072460531530e-03	5.456594727725194716e-03	5.970379142132106048e-03	1.867519648644631707e-03	9.982888425875613078e-04	5.751621138429235253e-03	-1.524946497670981796e-03	1.924537250955744502e-03	1.228326935202625307e-02	9.943639295400413108e-03	-2.847782188965281014e-03	5.401323345775780813e-03	4.530081751276426524e-03	5.425076157859160669e-03	6.281871404764436014e-03	4.152591479502507760e-03	1.129832746724189312e-02	3.056074255281989761e-03	1.193668508287231041e-02	3.566826737478944603e-03	3.067345599347475263e-03	7.413696649933753519e-03	2.544102922003801774e-03	9.556381978135833691e-03	4.440556784293527709e-03	-3.016226424592560219e-03	1.893720535685001344e-03	1.163758122305394091e-02	7.315077211117961345e-03	6.509590028568042891e-03	3.308424471459216198e-03	8.916093127992463785e-04	1.586253861588577882e-02	2.382534176798435654e-03	9.465141197582915139e-03	1.000009644156736772e-02	6.429823974688398877e-03	3.616032834075931512e-03	1.586777159512648902e-03	-3.646844260355008166e-03	1.265245051219486896e-02	2.960555901112136429e-03	8.968147134671426018e-03	3.427732759833129750e-03	7.758881764612559490e-03	6.823776255321862758e-03	1.189767283684644260e-02	6.421620065578444864e-03	1.262741823144611190e-02	1.170463704489931034e-02	4.079531998069879303e-03	9.051397633763575562e-03	8.151467270240282323e-03	8.428513780652653956e-03	2.891946558093314024e-03	1.311629075759480727e-02	8.940487680922440394e-03	1.206687514385125851e-02	5.840290516691427208e-03	6.032025532426023295e-03
3.973137064264940441e-03	5.855473716336007800e-03	1.039766110487881125e-02	2.676026753031210924e-03	5.093734112869946831e-03	6.791481854397203415e-03	4.316660097962268447e-03	2.617400717552923958e-03	5.471730589631140090e-03	3.332511379546281363e-03	5.195542111704103475e-04	4.969424102702606899e-04	9.943639295400413108e-03	4.733971149146098262e-03	5.603726953238933814e-03	8.124479843828346162e-03	8.550877760119889037e-03	2.418062295122751226e-03	7.264470825141844043e-03	5.042778825161292958e-03	1.110846153201287649e-02	3.104987475363105674e-03	8.815373150507494968e-03	4.385387789844182385e-03	3.809419298010681756e-03	1.695904367259343931e-02	1.687054680512888559e-03	1.013057105714701422e-02	2.184100444408303143e-03	-2.997736428660104785e-03	-2.777315756410807940e-03	1.265021173356172673e-02	2.683102390483249611e-03	3.708391687521574512e-03	2.476402539646501040e-03	2.176866139941339290e-03	1.871190686558548213e-02	4.657413732056740752e-03	9.916797742864481499e-03	6.517119180427281659e-03	9.678315097850897358e-04	5.015223063391978375e-03	7.336716437384965123e-04	-1.421675751672328396e-03	7.101663535416590650e-03	8.850115363176855321e-03	7.042703280205018027e-03	4.356667627657073716e-03	4.902263863731885080e-03	2.167013744895797574e-03	6.160501761954884255e-03	3.874876010437452306e-03	7.109710591789889650e-03	8.080198527004112466e-03	2.388599929063349621e-03	4.240641079043167699e-03	7.209660404542476454e-03	6.341990031893340873e-03	3.591549360920561970e-03	1.116456548453337132e-02	9.716327957176387059e-03	1.073244262739774836e-02	6.710236784832774790e-03	5.257379203158329961e-03
-8.147958553129403675e-04	2.110565310144146486e-03	2.268588616562745505e-03	5.877644583820385710e-03	-2.205655182039426010e-03	-2.883026901267168873e-03	-2.629232577879749705e-03	-1.725483541073175725e-03	-4.693364922139712028e-03	2.935568006766864357e-03	-2.431737530115319484e-03	9.737655112346550040e-04	-2.847782188965281014e-03	5.603726953238933814e-03	8.024281445049092493e-03	-2.722377710224516134e-03	2.649334485959642035e-03	2.916484345459583252e-03	6.182885558825845784e-04	2.522178503528808846e-04	8.963749107717345482e-03	-3.802623687699090149e-03	4.731125951022033781e-03	-6.692219183492591900e-03	-2.348840633849059653e-03	7.464855046013506648e-03	-9.742784761299465301e-04	5.132931207273525899e-03	-5.343958152145463977e-03	4.351066826339339624e-04	-1.738929880946973525e-03	8.289235085004873632e-03	-1.579215231411480388e-03	-1.763449222892728846e-04	-4.490752408229083115e-03	-5.315325232219341930e-03	6.296696070563772771e-03	-1.646674278015013669e-03	9.854872769297352147e-03	1.957184454057162362e-03	-2.974802739594328838e-03	5.094529226530499638e-04	-1.125240213172706491e-03	-4.968707462293522198e-03	6.861001357041356802e-03	1.691113381263308416e-03	5.862230627436623882e-03	-5.252917103751914354e-03	8.000578730158641391e-03	2.710611777551033899e-03	3.305460993191650099e-03	1.991422385963281805e-03	3.600992666517751489e-03	6.137297943824237406e-03	-9.536660440440294234e-04	1.057445341055208987e-03	4.758096335137958904e-04	-3.116038538208684011e-03	7.373851299717747859e-04	7.721093573316141143e-03	1.097009717772630746e-02	8.493115539556731625e-03	-1.188703483440793629e-04	-2.958680660672455970e-03
2.833133968164794694e-03	1.097780153879866077e-02	-2.787359220863247500e-03	-4.265871979319079896e-03	7.204941688489473195e-04	-3.976407138371140446e-03	5.660495691484111053e-03	7.327942657423501538e-05	3.665656772634100571e-03	4.190912594222857314e-03	-6.128201797593576042e-03	-1.245080006704453804e-02	5.401323345775780813e-03	8.124479843828346162e-03	-2.722377710224516134e-03	3.629034464122776402e-03	-9.963133345822130366e-04	6.526693031178202459e-03	-5.331831470303294990e-03	-1.689455101447983124e-03	6.990755190966561547e-03	-6.763758335262513854e-04	1.205547279831178931e-02	-3.212349678871557687e-03	-2.009512822316157632e-03	9.737220788468807162e-03	-8.125777502831922627e-03	-6.163190319361338404e-03	-9.111860088335890090e-03	-6.125770428853351268e-03	-4.258655073120365744e-03	8.872632576526602588e-03	-1.061296051838937771e-02	2.136523190428207472e-04	-5.319446782094450210e-03	-8.233035320729734097e-04	5.999577224674198378e-03	-1.548965507661839019e-03	6.354547707494977854e-03	1.383166863645975825e-03	-2.820236543120829831e-03	-8.442553579036400635e-03	-1.230611194199053918e-02	-9.952734159816390563e-03	7.965487958787140221e-03	7.296742421794587263e-03	6.285745872326282957e-03	-4.347882481081141032e-03	4.049965161329239019e-03	2.370789124465384062e-03	8.153224528885831546e-03	1.255030121408588772e-03	5.645594813100892478e-03	4.720804711942453227e-03	-7.188710340697332390e-03	2.532447691992498195e-03	-2.429291067035960205e-03	-4.310075677203348971e-03	-4.659015754339239368e-03	1.177103340671559716e-02	6.715723461502949403e-03	1.009276030407998612e-02	-2.606053709691164011e-03	-4.975231257609659397e-03
1.486344628510526296e-02	6.595668844008503555e-03	1.278852355048224268e-02	9.319510786623958279e-03	7.587583330397458699e-03	1.731524785892625193e-03	5.406483595860071475e-03	1.581992924276864193e-02	6.326021613929859455e-03	9.932210081982636302e-03	1.664626101153312936e-03	-3.964810137205175208e-03	4.530081751276426524e-03	8.550877760119889037e-03	2.649334485959642035e-03	-9.963133345822130366e-04	1.232175217760836557e-02	7.326176368414469287e-03	1.159307091804051559e-02	3.072736855061939179e-03	1.120253362113864809e-02	1.381862127228575786e-02	4.617727014471888387e-03	6.544199702119320693e-03	6.529051642974584291e-03	1.375560902240072214e-03	2.600441562606095602e-05	2.260196547451669841e-03	4.478274827639216679e-03	-9.306358282964883114e-03	8.178704952181446719e-03	1.001582597270825672e-03	-1.089646447260758048e-03	1.605693815886223910e-02	3.828891500985573838e-03	1.019104903659973950e-02	6.419677625059839327e-04	-9.551277768982671321e-04	1.081877476827834694e-02	7.322282229427299477e-05	1.806152766551750305e-02	1.177439973978761448e-02	-4.582787837971164305e-03	4.638479439312617573e-03	5.112618762913759274e-03	1.974039033475366925e-03	2.439766826847909048e-03	1.515092962132659829e-02	1.133004199886658570e-02	7.414760219340978814e-03	1.175350307715798508e-02	8.681605240775640969e-03	9.075784416852363326e-03	1.273819711422326424e-02	1.120081924770183895e-02	3.754216115664734191e-03	8.255377043873612583e-04	7.377332470314628722e-03	-2.708658138142180927e-03	5.940309987678067324e-03	5.816308523079004658e-03	1.892041994832937071e-03	3.225586001130738636e-03	5.580003004860285831e-03
2.196688047386754702e-03	1.203329482406905251e-02	6.188025698204781960e-03	-1.374387516376977120e-03	5.274667966050982509e-03	2.410279778144999371e-03	4.142092065003429718e-03	5.227608875671488353e-04	6.103309040750499667e-03	1.172336692745102119e-03	-2.393840643375725469e-03	-3.174467068566438378e-03	5.425076157859160669e-03	2.418062295122751226e-03	2.916484345459583252e-03	6.526693031178202459e-03	7.326176368414469287e-03	1.201280073770891535e-02	2.339973193734414328e-03	2.993555259267218112e-03	1.142320373136955503e-02	2.970464408068861605e-03	8.789965314282610631e-03	3.364127711110299727e-03	-5.828751361032814826e-04	9.043576061540326005e-03	5.347088626544810666e-03	6.627495863656392670e-03	5.596753792679771966e-04	1.557018751929699352e-03	-4.966257717700968931e-03	1.344599067388947342e-02	4.421486816565661088e-04	4.841400458033013471e-04	3.761197106125246589e-03	4.567956838948880605e-04	1.349022006405458524e-02	9.742955539525973568e-03	5.573486626940340680e-03	4.750575312963471047e-03	1.059234832994096487e-03	-3.389834461783106101e-04	-6.729456007364062464e-04	-5.962070784984710783e-03	3.477575593870387005e-03	1.402526989960536409e-02	3.378034648794041306e-03	7.797069992005363492e-04	2.971146747172409910e-03	2.226970746028091724e-04	5.084569146886670082e-03	1.367012150388343186e-04	3.768936575493474564e-03	3.137593901158718980e-03	-1.375327850752372169e-03	-1.686799880341632168e-03	5.106711096849833598e-03	5.427185804045453650e-03	9.467406801725870846e-03	5.335286052178448910e-03	6.566798076387016930e-03	7.915904977256244326e-03	2.343454541378680624e-03	2.056765317029373569e-03
1.260352472504701685e-02	4.248928809544477367e-03	8.692211819831055508e-03	1.280772356908030027e-02	3.976225108376347725e-03	7.544220256669341082e-03	5.084073339789437623e-03	7.944478249667718400e-03	9.398470863340304543e-03	2.269364849982943161e-02	7.095496548705580719e-03	3.632925091219416092e-03	6.281871404764436014e-03	7.264470825141844043e-03	6.182885558825845784e-04	-5.331831470303294990e-03	1.159307091804051559e-02	2.339973193734414328e-03	1.803159281761956140e-03	1.011831408390627407e-02	9.851614033689842440e-03	1.049681007679030553e-02	6.619103969385581668e-03	-2.575141384369976361e-03	-1.217883430189402663e-03	5.353724544594022465e-03	-1.978529632373191710e-03	7.265119687860328163e-03	4.093115596240764695e-03	1.361569292007466792e-03	1.699417770211491402e-02	5.372155303875227050e-04	1.677773194158799740e-03	4.574553927516378238e-03	2.442712955192161139e-03	1.329356611133050009e-02	-1.284666778793108581e-02	3.092568793726152912e-03	1.390103138644444361e-02	1.693580583871393160e-03	1.411159287935831452e-02	-5.409319974541873521e-03	4.612275733328020585e-04	1.064523018052543693e-02	4.262996543118437176e-03	3.098341147054780795e-03	2.303191010567967080e-03	5.752848656929182569e-03	1.816754650358104461e-02	2.809673987722045158e-02	1.424249681049622428e-02	1.730272380979507724e-02	1.654044641477713656e-02	1.788105411690504506e-02	1.465847535091623424e-02	-9.318947279480420745e-04	-8.535832759949523590e-04	-5.605819722511475728e-03	-3.032197856089238058e-03	8.509337559288289790e-03	1.227376544699414207e-02	1.569659285451586138e-03	5.079789077973859493e-03	1.004253908564859028e-02
6.601433572968831535e-03	2.596332773802902637e-03	5.538606654771256049e-03	1.004201406109678403e-02	-1.487965524856870586e-04	6.766038202194648438e-04	8.975508583726138703e-04	3.661258136380435291e-03	1.427112631827211209e-02	1.113287773370891590e-02	2.104330623613280549e-03	4.316892928475254271e-03	4.152591479502507760e-03	5.042778825161292958e-03	2.522178503528808846e-04	-1.689455101447983124e-03	3.072736855061939179e-03	2.993555259267218112e-03	1.011831408390627407e-02	1.207479535949683783e-02	1.358539844514144133e-02	1.327425182377586083e-02	4.420207238449358131e-03	1.773524633820352386e-03	4.854686365578805493e-03	5.310865610810348164e-03	-3.651857771778228238e-03	7.586117170786025807e-03	-3.571709193874670826e-03	-1.027176339006927869e-04	1.596377856922463062e-02	5.586756825541793793e-03	8.552627317123711118e-04	1.116044637591039057e-03	3.264949390806724284e-03	7.916395188845536113e-03	-4.965876521506427596e-03	-2.168457611050299272e-04	1.380546131336220228e-02	3.218436656091592379e-03	8.782775555682364316e-03	6.383285351271764108e-03	-3.813148876810774739e-03	6.811181324575709545e-03	9.137007720864032470e-03	1.496555070296811882e-03	4.355631438310685055e-03	3.734600677451413789e-03	1.725124501846892963e-02	2.257045317672912166e-02	1.073324584834558539e-02	9.731064055585148670e-03	7.982123096562543374e-03	1.714870887105725272e-02	1.297469612712649073e-02	2.979545777743682067e-03	4.549603672570744911e-04	1.770809608220985654e-03	-2.766137713969339922e-03	6.338891393986695842e-03	1.334654366909756099e-02	4.545926891113830776e-03	4.619395400499413246e-03	1.086459031740657014e-02
1.098975235894813531e-02	1.048212831470783993e-02	9.554564577246800472e-03	1.029667699971390654e-02	9.842816104082033682e-03	5.544780023163000185e-03	5.230952662923001734e-03	9.178082943267919236e-03	1.384538141435045014e-02	1.574728586518310547e-02	8.672062982392862718e-03	4.249757786679039459e-03	1.129832746724189312e-02	1.110846153201287649e-02	8.963749107717345482e-03	6.990755190966561547e-03	1.120253362113864809e-02	1.142320373136955503e-02	9.851614033689842440e-03	1.358539844514144133e-02	9.555166268836449983e-03	1.612270249944304859e-02	1.365295549424500390e-02	8.762969061653948233e-03	7.062523045975119783e-03	3.764566498868015046e-03	5.535624401594562566e-03	7.464534025892416783e-03	4.397500332949499935e-03	8.108863250325306499e-03	1.041617939743350041e-02	8.123290348941729702e-03	4.245421592128633542e-03	5.085180699922958042e-03	5.762454243253938013e-03	1.172488379488469817e-02	7.031112858729409582e-03	1.018310956409495573e-02	1.204899372286022743e-02	8.140042092793392872e-03	9.054548410419034632e-03	4.680454276207595549e-03	5.623971363591200728e-03	8.659540609873296255e-03	7.381138616489615195e-03	1.069618700925994634e-02	7.584453666272590600e-03	1.032940035351113776e-02	1.869729298675460588e-02	1.878873325276829084e-02	1.350683715744779682e-02	7.444662590008227498e-03	1.044377900668432349e-02	1.792854649064817146e-02	1.039320684673408768e-02	4.718076859168090706e-03	7.820940383294502224e-03	9.684080449854168965e-03	7.568545846617614863e-03	6.979988171890839574e-03	1.302174916325339084e-02	1.046180173887419074e-02	9.048062802804665572e-03	1.528870753691044526e-02
4.699091802361223327e-03	7.417207003376292615e-03	-2.665841007960405296e-03	1.011031721177038135e-02	-4.466974800543822496e-03	-3.769372481341573371e-03	1.676578252751628403e-03	7.302076120312566559e-03	4.450691465583880152e-03	1.160507370461955415e-02	3.967492447040131022e-03	-1.038968208234987770e-03	3.056074255281989761e-03	3.104987475363105674e-03	-3.802623687699090149e-03	-6.763758335262513854e-04	1.381862127228575786e-02	2.970464408068861605e-03	1.049681007679030553e-02	1.327425182377586083e-02	1.612270249944304859e-02	5.592110575411212564e-03	4.331905180470146249e-03	8.932116477575685956e-03	5.057860594057491527e-03	5.738683121702814992e-03	-2.948425756251337772e-03	9.654289448474111940e-03	-2.328741910610762633e-03	-1.427306461626234348e-03	1.509595107340789069e-02	1.015938516817506757e-02	-4.429474300035136577e-03	1.023571868360520498e-02	-5.123472974168498915e-03	8.597164858388111480e-03	7.301943486344546208e-04	-3.703982539686799351e-04	1.400832099496583660e-02	3.283951964422232410e-03	5.444769191295479802e-03	1.312618099635108962e-02	-5.441245500699515639e-03	3.867045466676329035e-04	1.026250935153658755e-02	9.452956449082793727e-03	6.814777236334329004e-03	-2.723823271275224722e-03	1.142823346376516461e-02	2.027870706662084424e-02	1.006571530414488748e-02	1.359463556311502411e-02	5.901003740475601993e-03	1.399872664815018583e-02	4.958875605162517061e-03	5.372426457849738615e-03	-9.595112649582356046e-04	-1.302676956665539329e-03	4.905069952296139263e-05	7.801129412808677395e-03	1.739132999763078405e-02	7.980104971613562193e-03	5.680694263080002249e-03	2.084117865610728149e-02
-1.604187693826003569e-03	9.159064898817192296e-03	1.291105721811475898e-02	5.310275124208794009e-03	3.680041138677900975e-03	1.524780593751313626e-03	7.281015940732715741e-06	-1.903219823411910101e-03	7.347173100883376551e-03	9.255211424030393430e-04	7.539556199443503588e-04	-1.760806920579160821e-03	1.193668508287231041e-02	8.815373150507494968e-03	4.731125951022033781e-03	1.205547279831178931e-02	4.617727014471888387e-03	8.789965314282610631e-03	6.619103969385581668e-03	4.420207238449358131e-03	1.365295549424500390e-02	4.331905180470146249e-03	9.461001915830173983e-03	4.305614186663072294e-03	5.669133302643250549e-03	6.564377690913435551e-03	7.069468372410563084e-03	5.064395238439906022e-03	9.193907809017676930e-04	3.222497283665489917e-03	-3.442644181066120343e-03	1.366507496937601450e-02	4.591880253374907433e-03	-3.650715554845912827e-04	6.164798027312163795e-03	1.274557516565973103e-03	1.625856252666696422e-02	9.515627011931458018e-03	7.595495385349409351e-03	7.605451516805746687e-03	1.708222273239896546e-03	1.142357819106566089e-03	7.219989122078506599e-04	-4.266315893895266526e-03	7.988255573735780768e-03	1.198475020419016018e-02	4.361866492655571553e-03	1.452059797107876568e-03	5.222052543500952174e-03	7.732767134559625360e-04	4.449031911966362662e-03	-1.868689142802908588e-03	2.548856115625938029e-04	9.799146222222455613e-03	1.921781269023440687e-03	6.231701227557768716e-03	9.525720145619004375e-03	1.095995749158238004e-02	1.011742155008548902e-02	4.564009992395635235e-03	8.297777802486808879e-03	8.243612838200093523e-03	7.255405278139288872e-03	3.824631464777035646e-03
5.285562627624822499e-03	4.698987353282640944e-03	1.082516673486359077e-03	2.368828306152534653e-03	-5.750835796909624376e-04	-1.258004142285551463e-03	1.410931679742240610e-03	7.963918807163739011e-03	1.252124142816309071e-02	9.082130096112814646e-03	-4.250190569361947390e-03	-1.001057045762562131e-02	3.566826737478944603e-03	4.385387789844182385e-03	-6.692219183492591900e-03	-3.212349678871557687e-03	6.544199702119320693e-03	3.364127711110299727e-03	-2.575141384369976361e-03	1.773524633820352386e-03	8.762969061653948233e-03	8.932116477575685956e-03	4.305614186663072294e-03	1.475780689525219187e-02	6.251772089365798674e-03	3.994074873292248647e-03	-7.288278093351240397e-03	5.552438819857038847e-03	-8.328508863097602161e-03	-9.566716796068682610e-03	7.990762161136859276e-03	4.965367521289633032e-03	-7.054758181173560912e-03	2.125213794748096255e-03	-4.766377742286951116e-03	1.231949991535637168e-02	-7.435720550921006561e-03	-5.390948534687167379e-03	6.583624276578537576e-03	-6.429588255176341832e-04	1.919404992712965205e-03	-4.924544483702261721e-04	-1.070885933071919621e-02	-3.586610700045730210e-03	6.789764858675646428e-03	5.889218502285673007e-03	1.995215472570654319e-04	1.050496578380613957e-03	8.619539419100643793e-03	2.006903230441023367e-02	9.721969804075195759e-03	6.480923038315121454e-03	5.619194470013324366e-03	1.009436610070091160e-02	2.567256883966731809e-03	8.347300496238975465e-04	-4.130576537782319931e-03	-8.287378751099118424e-03	-6.389710163789263236e-03	5.585113431787824302e-03	6.361033897904596474e-03	2.468160839679869531e-03	-1.338735505039826551e-03	1.084043049900345473e-02
