7.197530376056514648e-03	-1.419867927797130794e-03	2.134750929731109303e-03	5.042639103026182873e-03	-3.108313642671143434e-03	-2.836751080915822856e-03	-2.066684996590868045e-03	3.363706156070761510e-03	-7.360737930312694077e-04	3.587088249492668274e-03	-3.349673789112779521e-03	-5.675220589219792666e-03	-1.437257646937020392e-03	6.496841790559794438e-04	-4.489288201572506215e-03	-1.447033361701595237e-03	1.199625140996692964e-02	-1.618055532560083026e-03	8.243009593659618786e-03	2.091408280660849925e-03	6.650361629754249215e-03	6.496609794202339722e-04	-5.791025571117311421e-03	8.044754194278776541e-04	1.759609547310161254e-03	-2.683976946866166446e-03	-5.097834400623522076e-03	-2.398281949373875024e-03	-3.146710350025805694e-03	-9.468973874349357125e-03	1.003461681126726832e-03	7.995235395843250381e-04	-5.207532366778776581e-03	7.294339471889094151e-03	-6.309746593230572929e-03	-1.778510716734255787e-03	1.186916684082900235e-03	-5.339467105855940851e-03	8.164586084653698700e-03	-6.328906080543088286e-03	5.191934489191455185e-03	9.409311247963026911e-03	-9.185351655926656325e-03	-5.803301636937773650e-03	5.418896736038266229e-04	-4.827758303525570699e-04	-3.999830613677813652e-03	3.681638014681493098e-03	2.568953453708885254e-03	-1.049287756015024331e-03	2.050480361788717398e-04	4.141118300730321777e-03	1.596532471736734210e-03	7.039643978327370447e-03	7.545518869689210595e-04	-2.048002424394443355e-03	-2.535830845436897775e-03	2.010459148390577634e-03	-5.560342607247420119e-03	-4.106518800389702406e-04	6.751411080122835147e-03	-2.975785762698088602e-03	-3.303446279941597494e-03	-1.043132893742254250e-03
-1.419867927797130794e-03	3.796995265908932951e-03	3.505371385469106468e-03	-4.780909623220631205e-03	8.846383186132539267e-04	-2.417749373271573660e-03	-2.986694720850273377e-03	4.599611248601271490e-03	1.068078237201676786e-03	-5.287514390859545353e-03	-4.309066768149912019e-03	-9.905614175721577999e-03	-2.676762098346848091e-03	1.999529875802113013e-03	-1.761033672523873786e-03	6.507580099941921714e-03	3.379566165217622216e-03	8.039153983168612766e-03	-1.978466203217538188e-04	-2.040092857723566078e-03	6.314820786749223563e-03	3.267190844066241925e-03	5.315813405756920212e-03	1.974056863291422798e-04	6.241985572509808899e-04	7.284026114045133449e-04	2.806252403131060183e-03	-8.266398264413247696e-04	-5.853042366623262271e-03	-1.373348590697587128e-03	-7.800800150284995481e-03	6.788612893546819294e-03	-2.890441617388552278e-03	-1.097374657044257462e-03	1.161137973789676953e-03	-6.285596070241261657e-04	3.541897106241769302e-03	4.866876162968024506e-03	-3.194238867773480529e-03	6.887206207031985189e-03	1.175708668077132812e-03	-6.040670806323712380e-04	-4.466087072351162916e-03	-1.027904670844842494e-02	6.476221257615525154e-03	7.457931316017343479e-03	3.866671606998601032e-03	1.162293633322153408e-03	-5.315540902063663892e-03	-5.886075995855127689e-03	-1.835231716435504340e-03	-4.897772072664489766e-03	-5.084401644632776524e-03	-4.400314161195933993e-03	-1.068619380610372552e-02	2.006971275163756119e-03	3.107928270119951833e-03	2.909412937072444055e-03	6.912005312399086346e-03	-2.396893992200815199e-03	2.598498202139786981e-04	6.570967263482146298e-03	-3.381381987488170371e-03	-1.517206008359454732e-03
2.134750929731109303e-03	3.505371385469106468e-03	-1.294443225489997490e-03	-7.147723959527303023e-03	-3.290568222584534797e-04	-7.705827297116069757e-03	4.836021387275960676e-03	8.136596205941964283e-03	-3.637847860648064577e-03	1.050930573567702801e-02	-4.371883499889681751e-04	-3.934769870163121533e-03	9.481480754627059221e-03	6.667039529831342466e-03	-8.913178596317173491e-04	-6.151603224525060282e-03	1.009954967061583476e-02	2.339147591249302743e-03	4.797462217500535545e-03	1.235468408440916488e-03	5.840288868322859699e-03	-5.902137208873283261e-03	8.766253981747785390e-03	-2.960971402225912041e-03	-4.153658963953950692e-03	9.649244245351466104e-03	-3.201509592508840554e-03	-2.506120142559131736e-04	-4.977568267130159929e-04	-2.457485074652062881e-03	4.672340443816463268e-04	5.094028824289911078e-03	-4.215461313001106144e-03	2.149664433346370855e-03	-1.266909843111310024e-03	2.572626400440338607e-03	8.678804248356793496e-03	-9.896034786394322658e-04	7.899513651906176978e-03	-3.222261524487429751e-04	-1.102797886542529471e-03	-7.037731884432397306e-03	-4.427341497503348849e-03	-3.414701797272679321e-03	6.991954216166168176e-03	1.676089335101488623e-03	8.339496014485289765e-03	-2.635502771897824809e-03	7.486332590243178174e-03	2.689311603576273815e-03	7.464112666967988828e-03	3.534205039352838161e-03	5.802151083405638482e-03	9.077920441051082548e-03	-7.048841925048790306e-03	1.460079210781327699e-03	1.912898710601063784e-03	3.511007600629889591e-03	-4.932982471523730469e-03	9.502453511441497774e-03	8.916541561169376642e-03	1.040245215438635393e-02	3.866529529900368869e-03	-1.658050556211420126e-03
5.042639103026182873e-03	-4.780909623220631205e-03	-7.147723959527303023e-03	7.037195417482494317e-03	8.196229114509605979e-04	-8.344320981401254222e-03	-8.759409791240504659e-03	3.968194525923972316e-04	3.429335662265102502e-03	6.519771244712146974e-03	2.529528120600893493e-03	-2.748137431844628956e-03	2.494567270079270198e-03	-3.023998043864021754e-04	2.390479973380208942e-03	-7.750193840918475317e-03	6.300895251852503195e-03	-5.155940892191803425e-03	8.786158255761337965e-03	5.873266740551449407e-03	6.258280412216356281e-03	6.489527544279281510e-03	1.075297788262721821e-03	-1.592908584176585228e-03	-3.081383944863836516e-03	2.587712830211787163e-03	-6.174184480347906512e-03	-1.019976191475879118e-03	-4.650008333278611919e-03	-1.850252847775151442e-03	7.281343961678416604e-03	7.274969488966932102e-04	-5.479968196840230739e-03	4.116814526763238821e-03	-9.436014774760137502e-03	-8.062437113115550336e-03	9.340865844750367158e-04	-5.720430889943134249e-03	1.284554958634636333e-02	-3.462277502034082424e-03	3.537738701898064317e-03	3.452340432605118317e-03	-4.998175139171188996e-03	1.594333231202647166e-03	2.460581455039929227e-04	-6.741559386917466215e-03	-6.328198116779554933e-05	4.105416104904755642e-03	1.277444000144923111e-02	7.463361776393752194e-03	2.561735310249058095e-03	9.198896117412539569e-03	7.694955046407598968e-03	1.164082910599660570e-02	5.247047729585084530e-03	-2.786651844833612154e-03	1.747499856027956433e-05	8.716647522603419851e-04	-3.371566130481254593e-03	-2.059567850478255524e-04	1.158726073618875259e-02	-2.628873741662376799e-03	3.159535252216410725e-03	-2.728926891406630376e-03
-3.108313642671143434e-03	8.846383186132539267e-04	-3.290568222584534797e-04	8.196229114509605979e-04	-1.025355434096137872e-03	-1.784462140088887219e-03	1.611878289006708070e-03	-5.544780502257139546e-03	-7.857819954725281733e-03	-3.291687871428519360e-03	-4.615817481186790423e-03	-5.665322906299335472e-03	-1.638722448050635230e-03	1.846418108458775659e-03	-4.563808288400375557e-03	-2.835238217879025927e-03	4.857968028758359244e-03	2.063715980870234681e-03	-1.156831358387058403e-04	-4.191695906199276699e-03	5.908085699307559328e-03	-7.730787829489251840e-03	7.306532733453892370e-04	-4.888172998143772152e-03	-7.902287852386523370e-03	3.819512865311578201e-03	-4.862146832415870090e-04	-3.336779124425929416e-04	-2.707042791515814478e-03	-2.968797154319878506e-04	-1.206502985996929858e-02	4.098198591214840050e-03	-3.268823398703482250e-03	-2.181103860196197033e-03	-5.825449339979424726e-03	-9.848629984637369272e-03	8.343762598744374620e-03	5.461677789138068978e-04	3.488815222057381309e-03	2.321453146362333075e-04	-6.711468992892734992e-03	-4.759435081619233301e-03	-4.232646219797103759e-03	-1.003689373859228441e-02	3.215513233662873477e-03	1.046657621585345144e-04	-9.323461990209218342e-04	-4.540021689473748914e-03	-3.245897984785885843e-03	-7.176990450465289481e-03	-2.953251215380073638e-03	-1.109451342874972785e-03	-4.041622797921855248e-05	-1.106191602218749986e-03	-8.067812066436240784e-03	1.374627323805449261e-03	1.180385822914889818e-03	1.838563500580174190e-03	9.981621068831849491e-04	4.076885036593124942e-03	3.441947474965359466e-03	5.730896732997254120e-03	-1.819470075579547944e-03	-5.842394226143935929e-03
-2.836751080915822856e-03	-2.417749373271573660e-03	-7.705827297116069757e-03	-8.344320981401254222e-03	-1.784462140088887219e-03	4.878348831335518887e-04	-2.162256199615292598e-03	1.942685761504433714e-04	-1.435244623281023597e-03	8.322295933932202794e-04	-5.263292720646474063e-03	-6.926761332761406133e-03	1.344380960376774688e-03	3.341712423520995338e-03	-5.818435374921779660e-03	-7.578985726735614284e-03	-7.898539390423517728e-04	-1.199414589937693523e-03	3.492169386534653072e-03	-3.562400293997881884e-03	1.676446650949186754e-03	-6.949253094960552296e-03	-2.375599701484740894e-03	-5.419979044227300757e-03	-7.953161285978111242e-03	2.636979215532639712e-03	-4.383278248210898016e-03	-4.921448735292689725e-03	-4.012822778102415056e-03	-7.454822052824492881e-03	-8.569954257122668062e-03	3.434936630143815145e-04	-7.276726346354423294e-03	-4.927548697417764509e-03	-7.335164754268892924e-03	-8.516737840398410503e-03	4.500697281310809400e-03	-4.701191061093598460e-03	2.689709426284795854e-03	-6.494078448397310951e-03	-8.365828781070028600e-03	-1.077624244516644028e-02	-1.028639896496681694e-02	-8.698242287976613168e-03	2.925107421485311637e-03	-5.277569423909164031e-03	-1.008388646284958529e-03	3.688154388186218324e-05	-1.301242829622744832e-03	-5.700371429631445955e-03	8.905366263192073667e-04	-2.737990561104490170e-03	-1.809467480938118690e-03	-1.611290307264909294e-03	-1.217601580342979155e-02	-1.485149254652285214e-03	-1.999212618166067157e-03	-2.135553732524895013e-03	-7.504331225126787373e-03	1.916867655323664307e-03	1.870483746828036954e-03	3.666814133197800890e-03	-1.487555509634162776e-03	-8.451372446688996953e-03
-2.066684996590868045e-03	-2.986694720850273377e-03	4.836021387275960676e-03	-8.759409791240504659e-03	1.611878289006708070e-03	-2.162256199615292598e-03	-5.203991306401874184e-04	6.761809266002637153e-04	-1.621312566675071204e-03	-8.436053137661145285e-05	-5.166326594773498412e-03	-1.111752203001604121e-02	1.671902716861116758e-03	7.552230355899001296e-04	-6.021641491985515147e-03	1.441779070100885837e-03	2.641172317399784197e-03	2.069354179089696877e-04	1.174504824157923157e-03	-3.276631831040105122e-03	1.523258987495184139e-03	-2.089015375266041821e-03	-3.716246086376983129e-03	-2.929878728850235717e-03	-3.984516642708147566e-03	-2.842748727948745530e-03	-1.626569260612281340e-03	-7.994549090196079871e-03	-7.045224780073631662e-03	-7.818419040455566044e-03	-7.357585681985298783e-03	-1.451305935846958911e-03	-4.809248515493838930e-03	-1.579621839585907545e-04	-3.075873596508189867e-03	-5.721532877927620886e-03	-8.653515134614906540e-04	-4.754867677922540448e-04	-9.870579742407917245e-05	-3.195582360248694354e-03	3.398339697041019743e-03	-4.398985461280761206e-04	-7.843730000317570769e-03	-1.238037104966742755e-02	8.640858423172928515e-04	-2.890144330225056374e-03	-4.200255236502197995e-03	-4.542359518728538575e-04	-2.040657407190886452e-03	-5.816141250638100918e-03	9.435430077487788614e-04	-8.323205377870981220e-03	-6.218323665888685764e-03	-5.739118973230178389e-04	-3.734674831453350941e-03	-3.160967825569106771e-03	-1.026258770224282302e-03	3.594218263179914212e-03	-1.087206483217986741e-03	-5.257043169213174161e-03	-1.855921141921852702e-05	-1.882162735690705996e-03	-1.855356587454608241e-03	-6.970499215628334425e-03
3.363706156070761510e-03	4.599611248601271490e-03	8.136596205941964283e-03	3.968194525923972316e-04	-5.544780502257139546e-03	1.942685761504433714e-04	6.761809266002637153e-04	5.666750410266273991e-03	1.104866358193877691e-03	6.987106659674698420e-03	-2.084989212871755579e-03	-3.429568945775006948e-03	-2.234779372335225257e-03	-1.031737213413128768e-03	-4.901461632996982273e-03	-3.652890377660455642e-03	1.331014543808897374e-02	-3.312331272827593806e-03	4.757231997523928696e-03	-7.804093247809791578e-05	5.765902890507604989e-03	4.613642882024024394e-03	-5.870901222787576999e-03	4.579186616852118710e-03	5.843514927785209076e-03	-1.743064823846580264e-03	-1.622248499062351954e-03	-1.300576809738798051e-03	-8.802064391539802385e-04	-7.230988934622576206e-03	2.104723008621542032e-03	-1.152428091732665347e-03	-5.779810234844690378e-03	5.731277044964257911e-03	-2.413021726757714341e-03	4.782984058811534309e-03	-4.809730917827430285e-03	-3.858966698156625526e-03	4.923417557033470809e-03	-3.968363514642842156e-03	1.121737990274998889e-02	8.559091822680321010e-03	-8.051799702359623695e-03	-2.221877106335820931e-03	-3.635158567206161692e-03	1.173833468202153257e-04	-2.634633794276163010e-03	2.639156229228498303e-03	2.772526831063172256e-03	7.888009190907659118e-03	1.635516897482466869e-03	6.103671573665817723e-03	3.592639407374058000e-03	6.989039587287157115e-03	6.135933742200557622e-03	-1.265274811492399579e-03	-5.793864209185967291e-03	-1.849000005608412989e-03	-3.716780106692497108e-03	-1.082244088032070783e-04	5.736384102755794079e-03	-3.445461157414600809e-03	-1.743804102196457734e-03	2.078979482771262099e-03
-7.360737930312694077e-04	1.068078237201676786e-03	-3.637847860648064577e-03	3.429335662265102502e-03	-7.857819954725281733e-03	-1.435244623281023597e-03	-1.621312566675071204e-03	1.104866358193877691e-03	1.814682373949546429e-03	6.795809144200855127e-03	-3.095978841578793730e-03	-6.497393288617661633e-03	-2.854034420899575694e-03	1.761323736842498877e-03	-7.534040949256240113e-03	1.946202844146406596e-05	4.129792209735735908e-03	2.167422896024178910e-03	6.365120679421592056e-03	1.124446456590509971e-02	1.034067236808770482e-02	1.615587406204523069e-03	3.240277743582644851e-03	9.353338640256947389e-03	-4.985591229519151235e-04	4.132351064300729057e-03	-3.164541365901541153e-03	5.748799411049974190e-03	-8.063906818835616525e-03	-3.632094228727135964e-03	1.181870736746088064e-02	8.167171243353008731e-03	-7.483772702470670689e-03	6.986719683226712795e-03	-5.961254677334154074e-03	4.314166793103511172e-03	4.150608342556641114e-03	-1.196467129710132929e-03	1.109657379913529460e-02	-2.305729511408969278e-03	-2.642817144606013358e-03	6.631574614158182966e-03	-7.262658352379146656e-03	-4.162628185469383589e-03	6.044207740008301390e-03	6.277910635208125943e-03	2.972207817544416861e-03	-5.805896372664515193e-03	3.847421376821041558e-03	7.466711335186095033e-03	2.568295470180451817e-03	7.859891248494382116e-03	-6.199628057374307125e-04	8.358588531132929433e-03	-2.564003706555895851e-03	2.466551275584897771e-03	-2.242973100009457849e-03	-2.297302474337063749e-04	-3.488080133170831307e-03	4.042590890385850538e-03	1.177776448919213952e-02	3.217984129763440566e-03	1.165199622965660403e-03	1.664424781515909044e-02
3.587088249492668274e-03	-5.287514390859545353e-03	1.050930573567702801e-02	6.519771244712146974e-03	-3.291687871428519360e-03	8.322295933932202794e-04	-8.436053137661145285e-05	6.987106659674698420e-03	6.795809144200855127e-03	5.011229407218129733e-03	1.416534883200695413e-03	1.471864545753098774e-03	2.148717108424414921e-03	-7.798603425186404620e-04	7.849070502446466036e-05	-2.051904816457762737e-04	7.431392022197920791e-03	-3.473548849653140293e-03	1.935133830299064564e-02	8.212221902446857277e-03	1.182111757955633773e-02	8.627715848860840336e-03	-3.313030089349688900e-03	5.478465468799005762e-03	4.956700344389494868e-03	2.654944500463331594e-03	-5.232570796492271199e-03	6.177670127498910424e-03	-3.626566271918651996e-03	-8.550897499840075591e-03	4.452242552922357557e-03	2.347866639157389010e-03	-1.743182643201258986e-03	9.358771127208466087e-03	-2.063501224712117540e-03	7.154494650719531168e-04	1.066998581393743296e-02	-4.681541576559564849e-03	1.408332673716600723e-02	1.807013137343042863e-03	1.328212305837226173e-02	1.215893177649185822e-02	-6.300819856333822466e-03	-7.335633581357792893e-04	3.551765748484413468e-03	-7.756095550237963876e-03	-1.454116376051118285e-03	4.433442878137228843e-03	5.263408949367009287e-03	6.967118207709923489e-03	4.839900405133682956e-03	5.804835697507422856e-03	1.136916642653399909e-02	4.608359220438038723e-03	1.270524298647043339e-02	-2.033017007146626851e-03	3.263420388254730832e-03	1.406782176619065551e-02	-5.146293882387622740e-03	1.263586021559506486e-03	1.294664456031325434e-02	1.124125363939043956e-03	5.954303081510856424e-03	1.250504964754600365e-03
-3.349673789112779521e-03	-4.309066768149912019e-03	-4.371883499889681751e-04	2.529528120600893493e-03	-4.615817481186790423e-03	-5.263292720646474063e-03	-5.166326594773498412e-03	-2.084989212871755579e-03	-3.095978841578793730e-03	1.416534883200695413e-03	6.238050708285728871e-03	1.358905194370779029e-02	-3.527729026430842171e-03	-2.165193684093886291e-03	-5.082636969620068015e-03	-9.287497253790459595e-03	-3.637650404821387434e-04	-5.813541727249208965e-03	4.576305988824696733e-03	8.674415067781333921e-04	5.346836983238223255e-03	1.863446630851612641e-03	-2.868906640130920119e-03	-6.274259473844178217e-03	-4.895495761684935318e-03	1.542403142521218268e-03	-5.073572169401532883e-03	1.148802732417598081e-02	1.323360739475368947e-03	-3.367681990081214036e-03	7.738700187184380241e-03	4.161782639204745712e-04	4.319603069076680124e-04	-1.449725777000228713e-03	-5.187477410644306119e-03	-4.915887711142284677e-03	-1.404272139231771757e-03	-3.388777705251113520e-03	7.179795454438598831e-03	-9.102915170224159039e-04	8.844680750308316075e-04	3.823365583089838142e-03	-1.253085571903834322e-06	1.002466339686782469e-02	-6.437627889848075886e-04	-5.915152609223444172e-03	-3.777114733887950229e-03	-1.581444079321422252e-03	9.925043866843355489e-03	7.678536933847276980e-03	2.638648737697912253e-03	5.345285575839334516e-03	1.686807210708927973e-03	8.100201607720789940e-03	5.056565147924482403e-03	-5.099696373326008045e-03	-1.531199503201617108e-03	-3.906133386732770808e-03	-5.501471205915041060e-03	7.882473464728544793e-04	3.486960644963840034e-03	-4.500398926600966167e-04	4.588735971489416726e-04	7.853429177956498808e-04
-5.675220589219792666e-03	-9.905614175721577999e-03	-3.934769870163121533e-03	-2.748137431844628956e-03	-5.665322906299335472e-03	-6.926761332761406133e-03	-1.111752203001604121e-02	-3.429568945775006948e-03	-6.497393288617661633e-03	1.471864545753098774e-03	1.358905194370779029e-02	5.297090749290054440e-03	-2.119374399154518723e-04	-1.715360043592698870e-03	-1.300824662470312018e-03	-1.450924582332991340e-02	-6.122822112694765832e-03	-5.934223643967683620e-03	1.082715341427915173e-03	2.480280578482029277e-03	1.425090024161956674e-03	-3.277367685258661227e-03	-4.581919807259637878e-03	-1.230334728047075693e-02	-8.067455526627242968e-03	2.562779642479946253e-03	-1.178902222170975442e-02	-3.272426936339663944e-03	-4.426844309976529779e-03	-2.795459677605841367e-03	6.641976112029969459e-03	-4.252040673779352090e-03	-1.266855006359409244e-02	-3.338061343700535286e-03	-1.614616307994612768e-02	-1.175753191320813920e-02	-9.847933962257963969e-04	-1.073486015592494194e-02	8.093239919281113373e-03	-8.049112713560103993e-03	-3.679404017279024400e-03	-4.503479739526730988e-04	-7.016953437185692415e-03	7.171708315585022253e-03	1.155283097653888452e-03	-1.252181225925392757e-02	-2.037311081160087748e-03	-5.645055685509117738e-03	7.445368847913175388e-03	4.067658663877301260e-03	-1.570394399580313412e-03	2.243256593481839090e-03	-1.835115956378224888e-03	4.000802959177956163e-03	2.816726178311319134e-04	-6.792650879796043213e-03	-4.291452489545492105e-03	-8.296636551038344756e-03	-8.688068903450248820e-03	4.768018221381420743e-04	8.396677763805881350e-03	-1.234634181392755929e-03	3.084405609315001365e-03	-1.203405043439157926e-02
-1.437257646937020392e-03	-2.676762098346848091e-03	9.481480754627059221e-03	2.494567270079270198e-03	-1.638722448050635230e-03	1.344380960376774688e-03	1.671902716861116758e-03	-2.234779372335225257e-03	-2.854034420899575694e-03	2.148717108424414921e-03	-3.527729026430842171e-03	-2.119374399154518723e-04	8.865179874707519031e-03	5.811647780997533652e-03	-5.861696135428980103e-03	1.128826677665431891e-03	1.486432190933075978e-03	7.871130620615328713e-04	2.328138833576839928e-03	8.095086699703418071e-04	7.065605876279789158e-03	-6.844343324008293414e-04	7.912047879889982233e-03	-6.781630303956545994e-04	-1.357701533434769667e-03	3.527151261050354147e-03	-1.324672219720072260e-03	6.441953189982616707e-03	1.158810160362755762e-03	-6.775357557159716881e-03	-1.988332246194175063e-03	7.050395567050750205e-03	3.603960248919124698e-03	2.208207921283958201e-03	-8.449343236367253679e-04	-3.697768542011814485e-03	1.211014702217773700e-02	-1.821019938421673812e-03	5.676823385723745591e-03	6.090472986205143144e-03	2.612465745483274517e-03	-5.014823110227667122e-04	-2.177439901742322069e-03	-6.649206942151099711e-03	8.290430149682996575e-03	-1.757688456257407161e-03	5.048495589285835472e-03	-8.252198701827421351e-04	4.150486928502662015e-03	2.961216911757619946e-03	7.582078621840177349e-03	2.432531592711400723e-03	8.702210881807640949e-03	7.854850802414718031e-03	3.154998386549479061e-04	4.714900929989894289e-03	4.561566673836316144e-03	4.121525496511534159e-03	-1.173337413714060397e-03	8.726448100659528820e-03	5.146252753637170496e-03	7.935372719538178604e-03	2.593213732832708174e-03	1.653276753847136155e-03
6.496841790559794438e-04	1.999529875802113013e-03	6.667039529831342466e-03	-3.023998043864021754e-04	1.846418108458775659e-03	3.341712423520995338e-03	7.552230355899001296e-04	-1.031737213413128768e-03	1.761323736842498877e-03	-7.798603425186404620e-04	-2.165193684093886291e-03	-1.715360043592698870e-03	5.811647780997533652e-03	1.667827683905408198e-03	2.253867099363696634e-03	4.264430591915847543e-03	5.969551334824201375e-03	-1.332000251924255613e-03	3.268219277659933399e-03	1.004123417034507616e-03	7.467924672083797386e-03	-7.975468943651909531e-04	5.069626460198961224e-03	4.788664384758230252e-04	-2.265509466879301465e-04	1.303410603594352436e-02	-1.156308409104258271e-03	6.245780955258027449e-03	-5.615898280459082417e-04	-5.830571221746020522e-03	-6.839033852619924754e-03	8.589120410018906415e-03	-2.153806883227592922e-04	-1.949706351970122153e-04	-6.759738349134455232e-04	-2.132927965459087416e-03	1.478346535285186836e-02	1.427958204208399327e-03	5.873755585151676714e-03	2.766411075409713066e-03	-3.153620353090557868e-03	1.066463433614172479e-03	-2.111830853516367262e-03	-4.178569385303995340e-03	4.020675864371964225e-03	4.931878489709204394e-03	3.835758341827970319e-03	4.361553790202133546e-04	9.764044972291156810e-04	-2.025771098204312733e-03	2.457210244659436410e-03	-9.841783466457698637e-05	3.474913126106795626e-03	3.902411740799186478e-03	-1.482831821449013404e-03	1.384690488632472211e-03	3.579376295867502805e-03	2.305578706305745629e-03	4.726343987293078058e-04	7.289526839188186988e-03	5.675019626685822056e-03	7.590890365284061123e-03	2.527715751348472845e-03	1.041538255187882817e-03
-4.489288201572506215e-03	-1.761033672523873786e-03	-8.913178596317173491e-04	2.390479973380208942e-03	-4.563808288400375557e-03	-5.818435374921779660e-03	-6.021641491985515147e-03	-4.901461632996982273e-03	-7.534040949256240113e-03	7.849070502446466036e-05	-5.082636969620068015e-03	-1.300824662470312018e-03	-5.861696135428980103e-03	2.253867099363696634e-03	4.852531603521175949e-03	-6.023760782437962043e-03	1.241121238722839651e-05	-7.594129307215303354e-04	-2.995012924817677322e-03	-3.103569263134372397e-03	5.285098101040820034e-03	-6.760084360134159878e-03	1.233862907857244742e-03	-1.058544560163999712e-02	-6.054765463296002403e-03	4.485442428646209748e-03	-4.177764519944069180e-03	2.065598082937027125e-03	-8.141718028200231258e-03	-2.656242587789981249e-03	-5.169124478260888125e-03	4.525409619606583257e-03	-4.644608702276837101e-03	-3.769054981438357647e-03	-7.734895461467969184e-03	-9.250171428990615341e-03	2.709401728191672062e-03	-4.920166696837568673e-03	6.840874843087737904e-03	-1.396156473740080978e-03	-6.261014760756269254e-03	-3.172863647231891505e-03	-4.158123018774821655e-03	-7.813570145759986263e-03	3.646177860623055038e-03	-2.183638541754177875e-03	2.794907870235912965e-03	-8.295225583211407808e-03	4.728378525698899437e-03	-8.737578855936775635e-04	-3.969490149023507941e-04	-1.249919637464541600e-03	5.413058184389491628e-04	2.981906972643418377e-03	-4.016490847154264437e-03	-2.291604466928364933e-03	-2.821824452454173640e-03	-6.871753965144839459e-03	-2.650467261901546558e-03	4.335293561195193227e-03	7.865710700621345378e-03	5.227906681017881023e-03	-3.308113592122975330e-03	-6.660856678455727951e-03
-1.447033361701595237e-03	6.507580099941921714e-03	-6.151603224525060282e-03	-7.750193840918475317e-03	-2.835238217879025927e-03	-7.578985726735614284e-03	1.441779070100885837e-03	-3.652890377660455642e-03	1.946202844146406596e-05	-2.051904816457762737e-04	-9.287497253790459595e-03	-1.450924582332991340e-02	1.128826677665431891e-03	4.264430591915847543e-03	-6.023760782437962043e-03	7.650405217082996423e-04	-3.989988184121969275e-03	2.278711287128407093e-03	-9.131636294451675115e-03	-5.898888445162006784e-03	2.952867721989313465e-03	-4.339441651036344064e-03	7.662333174758555188e-03	-7.406375951915415180e-03	-5.881996653017425303e-03	5.770447306364560186e-03	-1.036206728189869447e-02	-9.643121798262191749e-03	-1.201162730296639544e-02	-8.625269846327051487e-03	-8.355840348676032286e-03	4.694726973749773283e-03	-1.306709418498091906e-02	-3.972253307922040538e-03	-8.178261649326327987e-03	-5.344373898666768957e-03	2.628942319655195106e-03	-4.069387716658264681e-03	2.266705149679019982e-03	-1.956891535682694916e-03	-6.980380791886574114e-03	-1.243457447890587708e-02	-1.475760765755539279e-02	-1.297618510872635550e-02	4.121737090429023961e-03	2.862460492259660816e-03	2.344625415542138380e-03	-7.928252776779705011e-03	-1.266150289589290656e-04	-2.376885354473378190e-03	3.562768338088899769e-03	-2.933086919638108400e-03	1.486960728124020123e-03	6.008113968082300776e-04	-1.127360558047456503e-02	-1.291552283842820406e-03	-5.095921833535783582e-03	-7.579988816386769995e-03	-6.926698314813203514e-03	7.353297307772543520e-03	2.403887395177455380e-03	6.566474077801800688e-03	-6.836540327339131820e-03	-9.512398471611602235e-03
1.199625140996692964e-02	3.379566165217622216e-03	1.009954967061583476e-02	6.300895251852503195e-03	4.857968028758359244e-03	-7.898539390423517728e-04	2.641172317399784197e-03	1.331014543808897374e-02	4.129792209735735908e-03	7.431392022197920791e-03	-3.637650404821387434e-04	-6.122822112694765832e-03	1.486432190933075978e-03	5.969551334824201375e-03	1.241121238722839651e-05	-3.989988184121969275e-03	9.597333907732465141e-03	4.187672324370644850e-03	8.660907723916849016e-03	2.044762872882143617e-04	8.112774944149315701e-03	1.132356717148284668e-02	1.223728111070787432e-03	3.807003509197777469e-03	3.615380029757063636e-03	-1.438143013287832873e-03	-2.707616589968347975e-03	-1.151705765131594630e-03	1.960881039203573803e-03	-1.207068206183783618e-02	5.207262716857593947e-03	-1.995903148853366525e-03	-3.641851729663743258e-03	1.341157671902775024e-02	1.140516897397697224e-03	7.399256142347465301e-03	-2.532250965667511445e-03	-3.997462347338311128e-03	8.139393591587482102e-03	-3.286804026140520245e-03	1.518932399183503014e-02	8.850553616563526516e-03	-7.291644192873614552e-03	2.459795177564299065e-03	2.648374473895965218e-03	-1.267495814621712527e-03	-3.981448123113679252e-04	1.235834988869635200e-02	8.094159892854436295e-03	4.499870927731941181e-03	8.599345089078192297e-03	5.988625925641430717e-03	6.302972702279960315e-03	9.637327056166282782e-03	8.265327731151007190e-03	1.288843180175545944e-03	-2.290019013107977286e-03	4.259001915994696866e-03	-5.806622940660552054e-03	3.262281567729128154e-03	3.293809226535498666e-03	-8.989424325788345285e-04	1.952725076941538851e-04	2.441194193542618393e-03
-1.618055532560083026e-03	8.039153983168612766e-03	2.339147591249302743e-03	-5.155940892191803425e-03	2.063715980870234681e-03	-1.199414589937693523e-03	2.069354179089696877e-04	-3.312331272827593806e-03	2.167422896024178910e-03	-3.473548849653140293e-03	-5.813541727249208965e-03	-5.934223643967683620e-03	7.871130620615328713e-04	-1.332000251924255613e-03	-7.594129307215303354e-04	2.278711287128407093e-03	4.187672324370644850e-03	8.116554760007041458e-03	-2.065498765546579067e-03	-1.581663207099574548e-03	7.205283551129321694e-03	-1.136833879280976442e-03	4.779115532076723405e-03	-9.744128011983767615e-04	-5.025281085698799985e-03	4.849383279357548024e-03	2.055418036173628157e-03	2.413946916800691934e-03	-2.758322473115678262e-03	-1.593985411846488356e-03	-9.451341562868005933e-03	9.260394726563954751e-03	-2.989339572999617951e-03	-3.974233553584271064e-03	2.948068770919874682e-05	-4.094180213488630635e-03	9.435952957983495537e-03	6.041704492111708326e-03	9.836540531810902127e-04	7.643295106426473140e-04	-3.437775171995599739e-03	-4.747673129946678415e-03	-3.951696849998743467e-03	-9.342533014542152292e-03	-7.571480285026646606e-05	9.735811508423144328e-03	-3.060478877186297714e-04	-3.458514710731674241e-03	-1.504557063451884488e-03	-4.578469554655103906e-03	7.516079474750685108e-04	-4.430782381330707759e-03	-4.585669605351415379e-04	-1.618498052596741531e-03	-5.854169905759553511e-03	-5.315143621374873034e-03	1.095498089418923959e-03	1.051542194379336340e-03	5.976172759733097695e-03	1.336963834761187297e-03	1.849511422485587177e-03	4.662531771447354922e-03	-2.472479798714800545e-03	-2.505320935770556645e-03
8.243009593659618786e-03	-1.978466203217538188e-04	4.797462217500535545e-03	8.786158255761337965e-03	-1.156831358387058403e-04	3.492169386534653072e-03	1.174504824157923157e-03	4.757231997523928696e-03	6.365120679421592056e-03	1.935133830299064564e-02	4.576305988824696733e-03	1.082715341427915173e-03	2.328138833576839928e-03	3.268219277659933399e-03	-2.995012924817677322e-03	-9.131636294451675115e-03	8.660907723916849016e-03	-2.065498765546579067e-03	-2.742297144414235222e-04	7.473164596564009152e-03	6.601709960152565837e-03	7.520088881999877073e-03	2.387713847102584334e-03	-4.925385915895894723e-03	-4.508578135273267479e-03	1.221359145866802130e-03	-5.461110321646230406e-03	3.374856608226808191e-03	1.951404111432495508e-04	-2.263474113934992211e-03	1.443199770366823849e-02	-3.348137537855616977e-03	-1.795203095653764847e-03	2.228512066428899041e-03	-9.929869236680478189e-04	9.352857461901850980e-03	-1.594944703859016086e-02	-6.931806443685991151e-04	1.118394213403766692e-02	-2.448440024586055058e-03	1.099013180485043477e-02	-7.339899283541213501e-03	-3.121822695728488500e-03	8.239337749849383330e-03	2.043789245639738433e-04	-1.246608766621084066e-03	-1.928838896615874855e-03	1.776653349648393138e-03	1.437126689531499635e-02	2.412233405783197060e-02	9.789424919111434226e-03	1.507930371383167656e-02	1.296242483815246080e-02	1.393456076991904553e-02	1.161254637716961982e-02	-4.963925441793956561e-03	-4.476017184274019324e-03	-8.319104872073100274e-03	-6.866299038359304635e-03	4.139667979674356048e-03	9.684910151009666276e-03	-2.552902017038530431e-03	1.378225000859722299e-03	6.808830526197563043e-03
2.091408280660849925e-03	-2.040092857723566078e-03	1.235468408440916488e-03	5.873266740551449407e-03	-4.191695906199276699e-03	-3.562400293997881884e-03	-3.276631831040105122e-03	-7.804093247809791578e-05	1.124446456590509971e-02	8.212221902446857277e-03	8.674415067781333921e-04	2.480280578482029277e-03	8.095086699703418071e-04	1.004123417034507616e-03	-3.103569263134372397e-03	-5.898888445162006784e-03	2.044762872882143617e-04	-1.581663207099574548e-03	7.473164596564009152e-03	9.360317481222592967e-03	9.743895893787133528e-03	1.031018546744348618e-02	2.662893104232440331e-04	-9.952675828511260703e-04	8.383180413493642597e-04	1.400231665558001985e-03	-7.225232949750831635e-03	4.222021030175444889e-03	-7.379848878602906191e-03	-3.687280900080241921e-03	1.304955823644486819e-02	1.351438757859994323e-03	-2.637694979013249699e-03	-2.026348584351510621e-03	-5.104213859019272187e-04	3.669372179660601238e-03	-8.239080325828786883e-03	-4.204402352905487264e-03	1.085151555067653643e-02	-7.983166386444926280e-04	5.873159690430555802e-03	3.621900838289450822e-03	-7.330213469706446834e-03	4.638413191122073981e-03	5.065810672062767001e-03	-3.008583720536962131e-03	2.189283304956540256e-04	-4.366490900160110294e-04	1.353941388782419625e-02	1.917962576806710867e-02	6.362345609704889160e-03	7.302112937678514187e-03	4.746933304555413929e-03	1.331160816877075513e-02	1.010042976984924616e-02	-1.118773421792887066e-03	-3.209372223794713930e-03	-1.863537489510814008e-03	-6.650750658723007108e-03	2.028156956918680722e-03	1.128785174513908564e-02	4.688281073716318945e-04	1.430554942950617442e-03	7.666403139990401669e-03
6.650361629754249215e-03	6.314820786749223563e-03	5.840288868322859699e-03	6.258280412216356281e-03	5.908085699307559328e-03	1.676446650949186754e-03	1.523258987495184139e-03	5.765902890507604989e-03	1.034067236808770482e-02	1.182111757955633773e-02	5.346836983238223255e-03	1.425090024161956674e-03	7.065605876279789158e-03	7.467924672083797386e-03	5.285098101040820034e-03	2.952867721989313465e-03	8.112774944149315701e-03	7.205283551129321694e-03	6.601709960152565837e-03	9.743895893787133528e-03	6.155844300188765064e-03	1.261200873688306072e-02	9.420647773528682822e-03	4.873465379861011137e-03	3.234018127936903221e-03	-2.722961267893489815e-04	2.047383060453552596e-03	3.222571232928642115e-03	4.848672430681297968e-04	4.268739979387479663e-03	6.625715442103784908e-03	4.212615646062721833e-03	5.849257803495063954e-04	1.650721483695695435e-03	2.157996623111793633e-03	7.706924140674859328e-03	3.480150092327969485e-03	6.222438840353948161e-03	8.300486669636196468e-03	3.958712765968911210e-03	5.211568122857843446e-03	1.188141759109190634e-03	1.818537192019513849e-03	5.565498387892301932e-03	3.860022176895593939e-03	6.460520639119208923e-03	3.673581024507781637e-03	6.284202475297824553e-03	1.455756993809342870e-02	1.436708623052395696e-02	9.235394586038916248e-03	3.815196229189981095e-03	6.570292419987458152e-03	1.363585956559511085e-02	6.607256884829493249e-03	1.182582883676492821e-03	3.847580530366293168e-03	6.119307546979039364e-03	3.556575950602884357e-03	2.786431224346939267e-03	9.140873878054383422e-03	6.585808863382988654e-03	4.694504892156605921e-03	1.110624915309203764e-02
6.496609794202339722e-04	3.267190844066241925e-03	-5.902137208873283261e-03	6.489527544279281510e-03	-7.730787829489251840e-03	-6.949253094960552296e-03	-2.089015375266041821e-03	4.613642882024024394e-03	1.615587406204523069e-03	8.627715848860840336e-03	1.863446630851612641e-03	-3.277367685258661227e-03	-6.844343324008293414e-04	-7.975468943651909531e-04	-6.760084360134159878e-03	-4.339441651036344064e-03	1.132356717148284668e-02	-1.136833879280976442e-03	7.520088881999877073e-03	1.031018546744348618e-02	1.261200873688306072e-02	2.430452647447945563e-03	1.461940123183907633e-04	5.583114708935400100e-03	1.696639706482292592e-03	1.874511310486654328e-03	-6.613251859901629615e-03	6.519816621697656356e-03	-5.701033461403724571e-03	-4.800564162905373439e-03	1.198416375025105132e-02	6.203463872322430642e-03	-7.999574629642612969e-03	7.246231027559446591e-03	-8.910250255535351327e-03	4.905165509487287821e-03	-3.017443606155792088e-03	-4.225139780545243175e-03	1.126079694976156280e-02	-6.744424447642314441e-04	2.891572028748103096e-03	1.038501249738137816e-02	-8.885337837240910377e-03	-1.667184967380160726e-03	6.545089748912425592e-03	5.167420639452632164e-03	2.742238730514928637e-03	-6.020052575181756085e-03	7.595890559408473644e-03	1.662360649211337346e-02	5.717172563970597185e-03	1.120601920345168194e-02	2.495337427065232386e-03	1.022037126175412772e-02	2.174947876116864812e-03	1.388464390779923022e-03	-4.792163067523821929e-03	-5.112124487875551598e-03	-3.761431427447783742e-03	3.812391927451919994e-03	1.490745328593173942e-02	4.028923272724724107e-03	1.999537500863030753e-03	1.736348915259658399e-02
-5.791025571117311421e-03	5.315813405756920212e-03	8.766253981747785390e-03	1.075297788262721821e-03	7.306532733453892370e-04	-2.375599701484740894e-03	-3.716246086376983129e-03	-5.870901222787576999e-03	3.240277743582644851e-03	-3.313030089349688900e-03	-2.868906640130920119e-03	-4.581919807259637878e-03	7.912047879889982233e-03	5.069626460198961224e-03	1.233862907857244742e-03	7.662333174758555188e-03	1.223728111070787432e-03	4.779115532076723405e-03	2.387713847102584334e-03	2.662893104232440331e-04	9.420647773528682822e-03	1.461940123183907633e-04	5.926851321421301375e-03	-1.186689392576878443e-04	1.112070176587515169e-03	2.979344941963720655e-03	3.575599154048899556e-03	1.308099805791121395e-03	-2.450632521703731762e-03	-3.333548435301850535e-04	-7.490152695123820405e-03	9.492654501343626011e-03	9.757404195828581553e-04	-4.800027932534471631e-03	2.200313653482516112e-03	-3.233583833646950026e-03	1.280037653008752122e-02	5.537658909520412967e-03	3.438200657984470492e-03	4.050992409430829305e-03	-2.765249364909997190e-03	-3.278639958661655994e-03	-2.905095741748024880e-03	-7.697227868332362673e-03	4.136842977007615385e-03	7.689344639567392836e-03	9.730248121570372194e-04	-2.898328793170161857e-03	1.566803335928908247e-03	-3.566040312111259068e-03	7.727989523083449164e-04	-6.335279595999248302e-03	-3.456397541437804255e-03	5.623602626594175966e-03	-2.299115158916646348e-03	2.382532503935585674e-03	5.713120426461972858e-03	6.743097228399158941e-03	6.353313476412694207e-03	6.369304324368371684e-04	3.730639777450046619e-03	4.963835685099457842e-03	3.012973928837132595e-03	-3.553262821326379911e-04
8.044754194278776541e-04	1.974056863291422798e-04	-2.960971402225912041e-03	-1.592908584176585228e-03	-4.888172998143772152e-03	-5.419979044227300757e-03	-2.929878728850235717e-03	4.579186616852118710e-03	9.353338640256947389e-03	5.478465468799005762e-03	-6.274259473844178217e-03	-1.230334728047075693e-02	-6.781630303956545994e-04	4.788664384758230252e-04	-1.058544560163999712e-02	-7.406375951915415180e-03	3.807003509197777469e-03	-9.744128011983767615e-04	-4.925385915895894723e-03	-9.952675828511260703e-04	4.873465379861011137e-03	5.583114708935400100e-03	-1.186689392576878443e-04	1.163566817021055751e-02	2.049312842268721097e-03	-3.828584549108631288e-04	-1.090399229725172101e-02	1.547625980676818787e-03	-1.252344982214826166e-02	-1.313957215059903365e-02	4.889984558840463486e-03	5.154539420474703315e-04	-1.063967373518073453e-02	-6.186403337600232533e-04	-8.557183923413182181e-03	8.243353005675038703e-03	-1.124816082362111586e-02	-9.368665436803171737e-03	3.138344112949385464e-03	-4.822384316280376761e-03	-1.287212901953837391e-03	-2.866135138130859739e-03	-1.427637160849438459e-02	-5.803035315311362748e-03	2.729443161990330671e-03	1.529893798923107409e-03	-4.004198411680195621e-03	-3.190134571330001390e-03	4.172386670138496928e-03	1.600387181897953287e-02	5.114571255677539084e-03	4.515270160866741850e-03	1.639492245333747447e-03	5.687325876624479623e-03	-8.160702408841619127e-04	-3.237373951403454270e-03	-8.192498939516054679e-03	-1.208178756938901866e-02	-1.025475002010033977e-02	1.238946746529872092e-03	3.850854995784091378e-03	-1.585761191324359769e-03	-5.525007582665577427e-03	7.460168014807550679e-03
